500
1.50 1.80 1.00 1.50 1.00
73 52 177
13 26 48
42 54 120
5 5 14
87 144 300
72 65 163
84 151 280
14 20 42
5 0 9
29 24 63
11 3 20
39 61 119
28 7 53
73 26 162
87 96 273
85 129 268
52 79 158
46 37 96
18 0 23
25 15 52
96 115 275
26 13 57
27 28 72
9 13 27
22 40 82
66 75 173
15 20 42
45 82 155
96 134 298
2 1 5
82 11 137
54 8 79
76 82 216
77 140 256
90 7 133
17 5 29
85 56 194
41 41 117
6 0 11
37 7 73
75 1 106
26 41 93
61 28 125
78 98 226
60 106 196
76 127 235
48 61 152
26 50 93
1 1 3
94 113 297
31 16 63
85 156 327
74 143 251
76 19 116
90 19 189
88 32 157
47 4 65
53 78 186
76 85 232
25 31 62
85 120 256
35 51 108
11 22 38
73 45 167
42 64 133
8 6 17
71 61 158
3 1 4
6 7 18
72 41 144
52 98 183
94 66 223
28 30 82
95 37 188
77 85 193
91 22 187
53 77 170
37 46 113
74 137 235
90 169 293
88 136 308
45 17 95
100 35 230
5 3 11
77 82 221
63 28 149
28 37 90
93 77 197
62 103 224
27 43 81
61 7 122
78 130 231
98 168 337
57 22 111
34 22 71
84 122 242
47 32 124
97 185 306
86 60 204
18 17 52
91 182 304
75 107 240
70 33 176
5 5 13
78 41 192
17 30 63
45 69 147
32 17 78
23 15 60
97 34 164
27 15 70
84 3 117
65 98 224
63 77 192
93 54 232
31 44 86
88 125 268
59 114 193
16 24 56
27 47 91
21 14 55
89 26 169
80 159 318
43 75 158
79 19 143
50 4 81
8 5 16
94 134 308
31 62 105
89 159 320
9 2 15
39 30 90
17 27 59
19 5 41
18 32 68
87 34 157
5 6 12
1 1 2
55 81 150
86 84 201
72 8 131
4 3 9
28 19 67
97 105 293
92 138 254
50 19 102
70 80 222
57 31 111
39 3 78
42 15 78
71 113 251
6 12 20
52 102 198
48 87 169
7 10 20
40 31 88
88 86 210
10 2 14
31 4 61
2 2 6
52 98 190
28 56 103
15 9 38
13 6 29
72 71 188
66 23 135
85 0 134
2 1 4
20 20 59
98 189 326
90 80 200
90 108 243
10 12 32
34 19 66
11 20 41
90 122 283
68 40 128
82 128 270
40 52 124
55 89 168
88 173 338
80 121 246
37 14 64
33 44 106
73 137 233
11 19 36
65 110 216
72 0 100
4 1 7
57 55 154
61 73 183
28 12 64
65 19 148
10 0 14
11 7 28
68 51 181
24 30 68
52 101 193
88 6 169
11 0 17
20 26 58
55 50 152
91 117 281
43 66 151
38 73 119
57 113 222
65 52 134
88 96 207
4 0 6
29 26 70
90 78 251
83 154 302
90 99 253
77 15 149
100 150 334
57 100 210
99 94 268
60 49 150
58 25 141
97 15 156
77 9 150
28 9 50
78 104 218
71 87 209
51 37 107
7 7 18
20 35 65
36 72 126
16 2 31
22 44 73
3 5 11
37 59 131
69 110 209
35 0 65
14 17 36
92 109 249
22 10 52
22 28 69
6 12 22
47 35 104
3 1 7
21 4 37
99 189 322
12 24 44
55 54 153
76 34 180
2 1 4
60 74 196
59 10 93
95 172 336
66 13 128
43 10 98
90 25 160
6 0 10
22 30 62
35 35 94
38 71 145
82 86 190
18 10 39
64 5 89
67 27 145
10 18 36
10 10 24
72 14 123
1 1 2
14 8 36
94 9 179
48 32 124
15 5 33
98 174 360
66 25 131
43 10 69
46 25 113
83 75 236
53 3 113
68 57 188
3 1 6
44 69 155
60 117 225
61 36 153
14 17 38
83 8 139
2 4 8
4 8 13
66 129 262
28 54 96
35 36 107
35 14 77
61 20 147
93 151 317
53 72 136
10 7 20
63 95 212
18 21 55
45 70 152
14 6 27
34 13 72
31 5 58
79 154 288
93 77 210
64 56 142
2 1 3
43 50 104
91 121 298
51 61 147
65 47 173
32 4 68
37 8 55
39 68 129
67 2 133
4 1 9
33 64 108
87 115 275
43 10 92
21 12 42
4 0 6
54 98 204
11 22 43
75 147 267
84 155 292
73 100 214
26 22 54
57 76 185
75 147 276
81 85 226
14 1 28
30 8 53
40 39 113
95 13 193
16 19 46
9 2 18
24 22 53
91 90 236
61 101 205
30 39 82
47 37 104
54 3 91
48 60 123
26 28 63
53 49 124
99 75 268
83 23 189
14 28 55
19 2 36
8 3 14
83 88 256
14 19 44
25 5 47
42 78 141
54 1 102
75 47 182
54 21 120
43 67 122
63 119 226
26 8 47
99 84 210
91 137 268
63 7 118
85 54 177
67 103 224
19 11 48
29 45 97
66 122 227
18 7 32
20 2 38
93 175 330
52 9 116
20 19 61
19 24 60
11 5 23
5 6 15
60 100 204
42 17 78
2 0 3
30 7 64
51 11 83
44 78 149
37 36 92
74 98 198
88 78 221
93 173 309
14 15 40
48 74 146
74 98 205
22 26 63
98 161 299
1 0 1
20 35 61
6 8 19
87 99 219
80 150 298
29 48 92
28 53 101
93 149 268
1 1 3
29 40 83
35 6 74
18 2 28
49 12 100
36 12 66
84 132 269
51 74 150
48 29 118
26 29 77
43 0 63
73 121 232
3 6 12
68 4 140
43 51 121
85 27 167
89 90 253
95 74 218
30 19 63
7 8 22
39 50 105
55 97 184
31 59 111
15 10 31
56 11 117
12 9 26
8 12 22
51 73 136
32 30 88
9 17 31
48 24 96
8 0 14
40 40 96
21 21 57
61 58 148
11 21 44
25 23 65
61 113 231
62 119 231
39 5 57
42 71 153
74 46 198
70 127 267
30 49 92
19 8 37
100 17 186
63 67 175
59 0 103
21 12 44
29 28 81
9 14 31
95 147 309
6 10 21
90 175 321
15 25 50
100 102 250
28 52 97
21 24 62
1 0 1
95 120 251
30 8 48
69 125 256
69 2 121
63 27 136
21 24 54
26 24 67
34 62 126
84 122 267
94 15 209
32 34 92
54 19 114
4 5 12
20 0 36
67 18 119
3 3 7
54 35 112
3 3 7
22 26 69
68 7 96
88 32 203
3 6 11
81 134 238
79 37 174
12 2 18
80 91 212
70 43 139
19 22 46
4 0 6
79 132 265
19 8 40
42 6 87
77 119 273
82 75 226
2 2 6
39 68 136
65 17 123
79 63 171
88 76 239
50 15 87
56 83 174
53 16 110
19 20 53
25 15 45
36 37 84
23 43 75
39 69 125
