200
1.0 1.9 1.5 1.1 1.0 
78 144 256
39 258 325
92 108 203
2 453 480
96 939 1040
70 12 128
6 1 48
99 892 1025
81 194 323
22 510 535
31 697 757
12 699 750
13 41 59
6 349 387
53 333 420
27 690 733
93 873 982
97 522 638
96 184 306
61 803 900
9 445 463
72 599 703
48 780 848
36 648 709
53 342 445
31 348 395
20 79 133
42 445 491
30 580 652
15 209 265
25 746 805
38 298 344
82 15 109
25 560 596
98 219 324
89 470 581
6 861 902
98 182 292
34 1000 1063
11 744 789
51 517 600
29 658 732
5 239 260
6 94 135
4 141 173
95 881 979
62 562 628
6 587 622
68 886 993
51 164 236
78 448 570
1 257 303
41 866 914
54 819 923
44 687 768
35 393 441
52 296 351
35 890 962
24 358 421
40 274 335
3 161 194
51 577 649
87 709 841
95 760 870
48 768 844
3 627 650
72 778 890
8 839 853
18 278 324
91 554 646
87 513 610
56 856 946
18 690 726
12 817 878
51 896 992
100 525 638
11 422 462
3 632 681
30 823 898
38 32 100
32 113 178
14 13 52
33 86 160
90 38 147
92 809 936
76 45 147
62 956 1029
27 412 449
10 262 318
18 673 693
28 660 711
70 718 819
77 556 671
96 472 569
59 814 888
58 648 728
5 253 305
25 235 277
77 978 1096
46 252 340
96 362 489
90 459 593
73 158 233
5 434 475
66 625 732
51 431 497
66 551 623
28 716 774
68 47 133
31 745 805
98 153 262
14 844 903
13 450 505
38 150 211
35 867 928
96 894 1022
26 746 817
62 954 1050
45 382 464
73 897 1009
94 246 346
36 516 572
5 900 955
13 738 794
50 960 1015
78 47 134
9 489 527
93 148 288
87 390 517
86 308 400
31 511 544
79 21 147
12 659 679
66 225 324
78 834 932
54 262 347
66 112 223
89 181 314
1 162 213
75 152 244
6 677 702
97 12 142
37 555 639
80 368 490
10 669 727
70 99 208
58 265 343
9 733 754
69 792 886
65 991 1075
54 469 529
70 955 1041
80 829 952
15 320 363
27 213 257
27 631 669
31 244 308
16 589 612
93 839 964
81 431 550
51 80 147
100 682 827
2 75 123
56 223 320
8 206 245
63 702 766
36 126 212
50 440 530
67 524 592
38 8 90
50 407 497
94 997 1117
55 883 972
22 302 357
87 935 1044
59 771 877
97 617 743
8 52 88
33 272 321
49 886 942
44 466 541
76 924 1007
52 193 264
53 139 199
9 300 322
68 860 949
35 840 882
77 853 976
65 633 732
93 733 857
69 564 679
16 253 288
40 388 437
74 308 410
54 875 950
47 252 319
29 562 600
81 390 477
13 470 514
96 801 920
