150
1.0 1.99 1.26 1.33 1.63
5 47 65
2 72 94
3 35 58
9 82 110
5 34 52
2 100 119
6 48 78
9 13 38
9 76 105
8 110 133
2 57 72
5 113 139
3 128 145
6 7 25
6 44 68
1 70 94
3 1 16
10 10 33
10 88 110
7 122 140
7 6 38
2 99 126
2 100 112
4 38 62
7 51 72
3 76 99
3 64 79
8 65 98
7 81 106
10 50 70
5 114 139
6 108 137
1 60 85
3 85 110
5 104 128
10 41 65
1 8 24
9 72 98
5 17 33
4 23 49
1 129 141
8 48 67
6 94 110
8 11 40
9 88 117
5 21 39
10 19 46
5 17 39
5 65 90
9 9 30
3 96 114
1 91 112
3 58 81
1 124 135
10 39 71
3 105 126
3 72 90
6 53 74
5 10 26
3 31 44
2 57 84
5 75 103
3 30 47
9 43 75
7 68 99
9 129 150
10 100 127
7 65 82
1 91 113
3 45 69
2 46 61
7 81 108
2 88 107
3 52 72
1 93 111
6 91 120
10 100 120
8 81 103
7 118 140
2 47 71
9 36 59
9 67 87
6 8 36
5 55 73
8 116 147
9 86 117
8 105 133
10 24 51
1 72 96
4 85 103
2 65 90
9 118 140
2 103 122
8 55 87
7 129 151
8 97 129
4 74 95
5 63 90
7 40 70
2 33 48
6 21 52
9 53 75
4 40 58
4 9 33
6 118 136
4 125 153
5 0 21
1 89 109
3 97 116
1 44 68
8 30 63
3 92 118
1 11 31
3 88 103
2 35 55
6 39 67
3 14 37
1 112 127
10 66 89
4 27 52
1 14 28
8 103 130
3 34 58
1 106 118
3 108 135
2 87 101
5 127 149
3 113 132
4 112 133
2 50 67
3 68 85
4 110 126
9 110 140
10 129 157
3 62 79
7 26 53
3 61 77
9 114 142
9 3 35
8 75 103
9 9 29
7 4 31
7 112 136
9 113 133
3 32 54
3 32 49
6 97 126
5 118 141
9 81 110
7 88 119
