500
1.7 1.0 1.48 1.42 1.55
2 91 107
1 31 53
9 297 323
3 270 296
4 304 321
4 334 351
1 89 114
7 356 377
7 476 505
1 98 122
6 196 213
7 71 89
2 237 253
2 82 107
3 60 87
5 478 500
8 401 432
7 38 64
7 390 412
8 357 388
6 264 284
8 95 120
6 88 107
3 436 464
2 366 389
7 238 257
5 127 148
1 139 165
2 140 160
3 384 401
3 330 355
10 320 352
1 148 170
9 126 159
3 400 423
4 5 20
1 98 112
9 442 462
3 366 391
3 297 311
10 337 362
10 98 130
6 104 134
3 289 303
2 327 341
6 123 144
9 351 371
4 461 485
10 441 469
1 337 352
8 466 486
8 178 202
6 134 159
2 270 297
4 286 312
10 216 237
7 278 308
8 216 238
1 103 128
8 177 200
10 338 366
6 5 35
3 338 355
7 285 312
7 447 473
3 313 326
4 345 363
5 283 311
5 303 321
10 5 39
6 366 395
7 17 39
2 415 441
9 442 466
8 452 484
2 67 81
5 4 21
8 39 63
8 213 234
5 429 456
10 448 469
2 365 384
3 293 320
6 34 60
1 450 464
5 373 399
8 360 387
2 416 440
4 80 100
3 161 177
7 470 500
4 192 213
6 370 400
10 194 221
4 396 412
2 102 122
8 149 180
8 274 304
5 251 272
4 261 290
5 475 494
9 384 409
8 63 94
8 147 178
7 73 105
4 388 417
6 77 106
3 230 257
9 464 496
9 292 326
7 453 478
6 422 445
10 91 111
4 183 202
3 372 391
7 261 278
1 209 232
3 420 437
2 129 143
1 249 268
10 15 36
9 254 281
6 470 492
7 376 407
8 260 286
7 368 393
8 232 253
2 460 486
9 40 67
2 336 363
5 97 117
10 209 240
7 251 280
6 26 52
6 375 402
4 111 125
5 35 63
7 283 305
6 473 503
5 411 433
1 268 287
9 365 392
4 382 407
9 425 456
5 292 322
5 218 245
7 432 456
6 320 337
4 254 272
4 437 451
8 470 501
3 275 300
7 191 209
2 82 104
10 164 189
4 125 150
10 213 247
5 79 109
1 421 442
8 461 481
7 358 385
5 289 314
9 424 445
6 269 289
10 412 438
7 302 321
1 82 106
9 374 406
10 32 64
5 85 115
5 408 426
2 102 118
1 279 303
1 377 403
8 34 67
10 318 347
4 460 483
1 19 38
3 150 167
3 186 214
9 266 300
10 344 372
8 388 411
7 146 169
9 338 368
3 22 47
7 447 474
3 199 215
3 94 108
5 285 306
2 368 380
6 366 390
7 473 497
7 33 59
3 312 330
8 410 429
3 95 113
6 162 180
10 329 356
9 350 375
9 78 98
6 196 218
6 390 412
3 149 164
3 106 131
2 222 235
6 317 348
8 106 132
6 156 181
7 75 105
1 291 311
2 30 45
9 93 116
5 129 154
7 175 204
1 368 388
10 330 355
5 436 457
8 336 355
4 288 316
8 108 140
9 366 394
6 98 117
10 357 381
10 418 451
2 450 471
1 7 31
8 434 457
6 180 205
4 227 256
9 331 356
6 396 425
2 270 285
4 227 256
6 442 463
4 72 100
4 61 90
6 139 155
8 385 415
6 98 119
5 302 318
5 440 461
8 176 200
1 322 339
5 285 310
3 128 150
6 415 433
10 291 318
3 332 359
10 33 62
5 475 500
7 93 121
2 323 348
5 67 83
10 271 297
3 121 149
3 155 177
2 16 33
3 264 292
5 94 118
4 460 487
7 368 385
1 393 408
9 67 89
8 234 266
5 304 326
7 355 377
1 2 19
10 458 491
1 175 200
1 418 432
10 319 352
10 429 456
10 39 71
1 230 251
9 362 385
5 437 453
6 293 309
9 22 51
3 153 179
5 309 335
5 75 92
7 471 491
7 418 449
9 417 439
8 229 259
4 470 499
8 149 175
3 87 103
5 158 176
10 286 308
10 193 218
1 401 417
5 107 133
1 456 480
9 416 445
2 196 218
9 58 90
9 286 318
8 391 412
7 225 248
1 26 52
3 419 442
3 396 412
6 302 333
3 464 486
3 455 480
5 4 22
2 473 492
8 325 344
6 243 269
5 38 65
10 298 332
1 73 93
3 52 80
8 246 266
3 419 434
9 11 40
1 479 497
7 269 301
2 16 42
10 13 44
8 375 403
4 413 429
1 315 326
3 334 353
3 217 238
5 326 352
2 397 412
10 399 422
5 206 223
7 330 362
1 34 53
3 446 474
9 124 152
2 112 132
2 331 348
10 189 224
7 125 142
5 50 72
8 296 324
10 395 421
9 66 99
5 450 472
6 312 343
2 257 278
3 224 249
10 109 129
3 382 395
4 85 109
4 169 196
1 346 360
4 453 469
2 20 32
5 255 284
4 301 322
10 395 422
10 319 340
7 449 477
9 270 295
4 317 344
2 182 205
5 425 455
6 140 168
9 232 264
6 272 303
3 55 73
2 324 336
5 420 438
8 104 131
3 217 244
7 26 56
8 121 139
2 185 202
3 210 225
1 18 43
4 400 426
7 316 339
1 321 339
4 448 474
10 162 192
10 195 229
6 178 206
9 266 294
1 56 74
1 61 72
5 80 106
7 384 401
2 433 457
6 125 146
7 347 371
7 438 467
8 470 501
7 359 380
1 269 286
6 333 352
1 472 487
4 390 415
7 211 237
1 67 78
8 20 53
10 56 78
10 469 503
1 95 120
4 359 383
9 272 293
3 89 115
10 128 154
7 22 46
7 136 162
10 256 276
6 363 387
10 311 345
3 261 288
9 83 113
7 397 416
10 298 331
5 204 220
4 365 386
3 394 417
4 233 252
10 143 173
10 190 215
9 450 484
7 128 160
1 476 498
1 449 461
9 121 140
9 376 400
1 309 322
2 139 151
3 190 203
5 428 454
8 14 32
7 444 464
6 16 42
2 385 408
8 69 91
3 64 82
8 0 22
7 372 398
3 155 180
3 232 259
9 92 122
1 278 299
1 51 64
7 82 106
1 478 493
8 87 112
5 437 457
5 147 172
5 374 398
2 163 187
9 338 366
2 139 154
2 281 301
7 418 435
4 46 73
8 290 322
10 130 159
10 224 245
8 260 281
2 426 452
7 52 72
10 326 346
6 247 265
10 101 127
3 235 251
10 360 390
4 57 78
6 376 401
1 236 247
10 96 130
6 13 39
7 79 102
6 326 343
7 336 357
2 413 437
9 204 229
3 468 485
2 224 245
7 274 298
3 207 233
1 466 481
3 12 29
8 46 79
6 265 292
1 128 141
1 271 290
3 461 476
4 260 286
6 21 43
9 419 452
10 449 476
10 267 288
3 39 64
7 174 206
7 138 159
8 171 199
3 435 457
