450
1.75 1.0 1.19 1.18 1.14
2 3 29
9 183 202
10 101 126
2 139 154
2 186 200
1 160 172
2 390 414
8 390 410
3 93 111
10 266 298
3 304 329
7 130 148
3 59 79
6 298 323
1 318 337
10 123 154
2 377 401
6 200 218
2 306 333
10 147 174
5 353 378
4 388 414
8 2 25
4 117 144
9 104 128
1 12 35
2 140 155
6 21 48
5 241 258
4 381 398
8 392 411
3 35 51
4 407 421
6 222 251
3 214 227
2 394 418
9 81 113
8 115 145
2 320 334
1 177 199
1 326 345
5 254 273
6 265 286
1 213 238
9 256 289
6 166 196
7 73 98
5 398 425
3 414 427
4 311 338
9 413 432
8 407 440
1 114 136
9 326 349
8 75 95
4 0 27
10 356 387
1 51 68
5 330 346
10 332 353
3 417 430
7 166 193
9 257 291
9 32 56
9 247 281
4 180 209
10 129 150
10 325 353
4 194 209
4 67 81
10 49 75
7 289 321
6 88 106
10 172 202
4 182 196
8 298 323
8 275 302
3 307 321
5 45 74
9 132 165
9 96 119
2 4 29
5 211 234
7 242 269
6 124 153
8 250 272
6 396 412
9 95 116
4 400 424
5 76 98
7 364 390
4 53 71
2 136 154
9 346 377
7 407 428
5 182 199
2 281 301
10 40 61
9 363 385
7 92 111
8 364 383
10 275 296
4 134 159
1 274 296
7 119 143
8 366 396
2 285 311
6 30 55
10 252 284
3 381 395
1 230 246
2 376 397
5 40 59
9 51 75
2 31 44
6 92 116
10 152 184
5 220 245
3 336 351
4 415 436
2 373 385
1 379 393
5 421 442
3 63 81
9 23 45
6 47 72
5 248 263
6 221 249
2 359 383
6 424 440
10 381 414
3 38 60
6 92 113
3 409 422
9 326 357
3 42 63
3 308 333
10 49 78
2 321 334
4 358 376
8 135 160
1 326 350
10 254 281
3 348 373
5 259 275
7 203 233
9 24 58
8 139 171
6 260 284
5 325 355
1 424 437
7 413 442
8 185 214
1 337 350
3 221 242
4 318 334
10 255 288
7 146 164
9 49 79
9 200 228
5 101 131
7 13 32
3 106 132
8 175 208
2 95 117
8 297 329
10 115 150
2 416 439
9 211 237
8 347 372
10 170 202
5 362 382
6 394 419
10 282 305
2 127 146
7 213 244
10 335 370
2 319 345
9 351 379
9 193 218
3 422 440
5 229 251
5 369 390
6 323 352
3 107 126
7 151 180
8 56 85
6 298 328
5 382 405
1 264 286
4 271 293
10 289 318
4 321 350
1 11 31
5 392 410
6 192 219
1 136 152
3 144 160
7 196 216
6 127 154
6 195 213
5 205 230
7 418 441
10 216 250
9 59 88
6 266 292
4 363 381
4 26 53
3 150 168
1 90 108
9 401 430
3 279 306
3 120 135
1 145 157
9 321 347
2 1 19
3 114 130
8 192 221
2 140 167
9 74 102
2 413 437
6 141 167
6 197 222
8 65 86
4 312 335
3 322 347
4 381 405
8 84 105
8 233 253
1 356 379
6 40 71
5 90 112
7 81 100
2 174 197
10 337 366
6 233 261
6 14 35
2 331 355
4 0 25
10 247 282
10 98 133
8 4 36
4 143 160
3 105 123
6 257 279
4 127 152
4 260 279
2 141 153
8 155 174
9 370 400
1 408 431
1 370 386
4 294 321
7 426 447
3 179 205
3 401 428
5 233 260
2 27 53
2 59 72
8 57 76
4 137 164
1 362 381
3 369 394
4 2 27
6 47 65
3 149 167
8 195 225
8 295 314
5 14 29
3 249 272
4 411 435
7 210 241
10 0 27
2 38 59
5 17 38
9 426 459
9 302 336
1 174 200
3 249 269
2 353 369
8 196 216
3 120 148
5 37 60
8 18 39
8 425 456
1 430 445
6 147 167
6 412 436
6 280 308
7 350 373
1 426 446
7 63 95
5 130 149
1 14 35
6 301 324
7 412 433
2 196 219
5 192 211
4 145 172
3 393 420
3 262 278
9 258 285
6 279 304
3 124 142
1 334 353
2 379 397
2 403 427
4 153 181
3 259 275
9 378 400
8 414 444
2 296 312
8 1 21
3 57 76
10 62 86
2 193 205
7 153 182
2 53 76
5 213 240
9 399 427
6 317 347
4 384 410
9 395 427
1 21 40
3 402 417
8 404 423
1 301 322
2 283 306
4 47 72
9 59 93
6 221 252
9 98 121
8 405 431
4 131 160
9 416 450
9 159 180
3 213 226
6 184 211
6 178 198
1 335 360
1 300 326
4 187 215
5 231 247
1 69 87
9 376 403
8 66 91
6 113 143
10 390 417
1 99 116
6 337 366
8 118 141
2 173 193
8 82 107
6 190 217
2 386 410
3 264 278
7 15 35
10 42 70
6 348 368
1 349 368
4 17 32
2 248 273
9 318 342
3 242 266
10 101 131
2 82 104
9 344 371
7 309 335
3 407 427
5 219 245
9 307 336
7 129 146
8 294 318
4 180 203
2 14 38
2 392 414
10 74 106
7 348 368
3 188 210
5 337 353
8 335 362
1 244 268
3 399 421
4 26 50
6 202 226
3 277 299
9 396 419
7 394 417
8 251 283
7 378 403
1 406 423
9 429 450
4 151 167
7 32 58
3 338 362
10 15 41
5 39 64
2 339 358
7 279 310
10 205 240
5 248 269
8 128 153
2 229 246
8 401 420
2 318 345
2 399 422
5 402 417
3 251 279
3 374 393
7 274 300
5 51 80
8 202 231
6 233 261
3 243 267
6 110 131
4 359 375
8 64 94
10 41 66
6 274 297
5 252 281
7 310 327
6 58 79
4 61 90
2 324 336
2 42 65
3 326 339
3 212 225
8 389 421
2 91 108
10 131 153
1 48 60
7 360 389
4 418 441
6 324 352
9 71 103
2 257 272
4 56 79
8 126 154
3 369 393
7 429 456
5 291 321
8 127 159
5 220 249
1 392 417
4 48 70
4 430 452
7 217 240
2 271 290
9 106 137
3 198 226
