50
1.10 1.00 1.60 1.10 1.00
59 64 154
61 96 193
10 20 32
35 48 100
67 78 174
51 32 93
100 36 181
27 42 80
50 80 164
13 3 24
12 4 22
71 127 255
78 91 224
100 2 151
80 1 100
34 50 103
73 8 129
76 64 158
67 34 164
53 72 136
30 50 98
72 6 112
97 138 323
30 48 98
75 119 244
26 47 94
68 51 138
51 43 109
87 65 210
10 13 32
38 31 103
55 4 78
15 8 29
12 14 33
76 101 220
92 51 169
13 23 39
44 7 65
77 101 240
6 9 17
60 104 183
80 27 138
77 130 281
83 59 167
94 56 219
56 41 148
66 58 140
48 78 136
1 2 3
64 66 188
