50
1.1 1.8 1.8 1.9 1.0
1 313 1193
99 330 431
64 100 165
54 390 447
92 256 348
105 70 181
11 285 300
14 363 1018
25 76 108
76 416 499
94 262 359
4 462 476
28 268 298
64 16 90
104 272 512
35 283 331
78 92 172
33 82 126
114 345 464
98 265 376
111 311 422
27 383 1346
3 247 260
51 262 334
73 287 384
54 175 234
103 245 351
51 352 419
51 361 805
91 439 532
114 390 525
62 64 133
127 163 321
1 178 187
76 37 148
48 272 930
53 110 184
109 382 519
108 424 550
59 302 393
107 92 234
67 133 214
91 196 898
75 184 287
2 82 119
47 109 171
94 445 576
111 290 423
96 333 439
133 87 843
