450
1.70 1.10 1.20 1.60 1.00
7 11 21
29 33 77
71 44 134
5 3 11
51 14 90
85 162 278
95 149 328
94 110 255
49 23 109
44 39 92
26 34 65
33 65 128
14 21 45
88 70 231
50 26 86
24 10 46
100 144 328
94 104 252
89 148 256
77 79 191
88 83 247
67 72 177
46 63 124
17 20 51
73 108 243
50 72 158
21 31 58
4 8 13
55 82 191
36 16 66
55 108 207
64 118 218
37 71 142
54 57 137
5 5 14
93 52 183
66 86 184
96 58 226
99 174 319
88 40 171
87 31 183
72 81 207
11 15 33
51 88 188
26 11 43
4 4 11
94 62 210
26 35 69
73 81 220
31 27 71
69 79 168
63 63 179
83 85 234
7 0 11
24 2 39
63 92 178
61 94 191
55 1 81
91 117 261
1 2 3
1 0 1
76 1 148
86 24 162
13 16 41
1 1 2
55 102 194
35 67 129
84 12 141
80 66 171
63 9 130
60 47 147
41 46 110
76 93 202
77 75 208
66 21 103
85 165 294
44 8 66
42 15 68
47 64 149
38 19 93
94 80 258
29 37 76
91 39 160
79 137 237
34 11 74
32 41 96
4 3 9
37 30 87
45 85 163
42 71 150
29 5 57
67 97 190
68 0 133
12 13 36
49 40 117
24 33 76
68 106 205
63 24 136
48 45 120
91 132 289
93 152 323
57 105 217
81 111 245
47 41 105
53 87 162
64 49 147
15 15 44
28 24 69
32 59 107
3 5 9
66 80 208
18 8 39
48 54 122
6 0 8
30 53 93
4 2 8
40 7 75
43 82 164
96 27 160
32 45 101
89 144 311
28 3 37
63 90 187
4 4 11
80 93 210
92 85 260
51 45 138
35 28 88
89 105 240
62 60 163
9 13 26
4 6 13
85 22 135
15 9 28
58 42 148
29 1 37
65 8 118
11 22 35
68 30 160
70 24 162
23 7 42
96 46 186
35 24 93
84 119 236
18 30 55
85 20 175
84 79 221
37 70 142
58 6 89
68 56 139
74 80 203
84 69 232
56 32 124
92 113 236
80 150 287
35 15 77
60 36 138
20 3 35
51 64 164
76 21 146
48 67 142
48 50 116
32 1 54
78 123 232
71 136 274
77 92 215
72 115 221
97 61 223
87 24 161
53 43 146
29 17 59
31 17 68
15 26 53
72 19 142
51 72 143
12 12 29
19 21 51
50 90 183
11 10 28
62 89 173
79 34 161
65 66 187
89 67 207
72 37 160
60 76 181
50 67 146
54 80 152
89 166 336
32 41 84
67 118 210
62 10 100
34 43 98
62 33 138
59 76 182
6 11 19
88 171 289
5 5 12
80 66 194
60 14 91
1 2 3
81 56 200
80 91 238
72 112 230
59 88 190
21 17 55
12 1 18
93 144 267
83 26 139
39 78 135
85 55 209
57 114 186
69 135 266
36 41 103
30 43 100
6 3 11
4 1 8
93 112 231
73 50 172
24 18 52
49 54 141
4 1 7
73 124 224
58 79 173
13 16 37
20 27 52
60 49 125
78 55 202
37 37 91
58 114 192
57 12 124
94 140 263
59 96 176
84 138 290
59 20 132
18 1 34
60 45 124
98 150 324
17 5 28
37 35 88
42 4 83
56 45 153
14 18 40
3 3 7
49 60 123
41 24 105
8 12 23
58 74 162
29 57 107
83 146 273
41 65 146
99 6 142
23 32 61
20 29 68
57 99 189
49 26 94
10 18 31
19 24 57
95 34 223
9 18 32
80 18 115
63 36 149
13 4 27
24 11 55
25 28 58
31 52 112
20 27 54
16 4 30
71 4 111
7 13 24
70 114 216
71 26 163
27 51 100
13 2 18
69 53 144
35 0 64
19 30 55
82 100 213
94 21 188
35 11 57
84 140 283
1 2 3
6 10 20
58 45 120
67 51 165
11 3 18
28 50 91
91 71 211
42 16 76
12 2 19
66 49 169
70 24 144
100 94 246
82 88 249
56 8 83
21 25 55
55 41 137
20 32 69
33 48 111
23 20 58
50 27 110
52 54 118
24 7 53
46 38 111
12 18 39
26 50 96
99 50 240
46 65 155
14 22 47
84 131 298
65 96 197
41 67 139
69 93 199
3 6 11
85 24 173
82 116 262
31 28 71
27 45 98
14 8 30
40 59 131
57 105 210
41 76 148
95 140 306
6 9 20
72 102 214
16 4 30
25 43 85
40 65 113
32 55 105
16 29 57
82 58 162
93 111 263
2 3 6
3 0 5
48 63 129
19 26 53
90 179 302
51 70 166
68 65 175
60 106 187
4 1 8
22 43 72
18 3 28
39 13 64
69 107 192
25 37 86
5 3 10
60 110 222
9 13 24
11 12 29
50 100 188
24 2 38
59 43 155
6 2 9
16 15 37
23 24 67
88 24 151
28 40 94
91 72 231
91 70 251
68 107 202
19 28 52
65 60 138
32 57 105
83 112 214
23 39 66
58 89 199
96 21 187
64 111 226
84 148 285
21 2 38
99 193 378
96 163 289
17 17 49
80 123 234
9 5 21
25 40 75
16 32 52
36 1 61
95 143 312
79 118 274
10 17 36
7 9 19
50 63 129
85 120 242
71 107 197
44 20 102
90 143 293
74 117 259
75 70 182
39 10 68
7 2 15
25 24 68
4 7 12
8 7 20
16 16 42
6 0 8
15 24 51
100 102 257
63 58 173
53 35 101
28 43 93
10 0 14
54 33 134
45 31 88
65 70 170
89 142 283
58 110 194
54 95 192
71 141 251
100 88 243
50 44 139
22 20 62
75 130 235
73 97 187
51 48 125
62 18 93
2 4 7
39 72 120
26 29 68
61 69 153
72 104 237
52 77 148
60 110 182
17 30 52
96 31 170
40 12 72
30 37 89
37 27 96
54 98 167
14 19 40
88 29 178
80 152 294
54 24 98
11 5 19
15 20 43
26 40 71
65 100 195
16 27 53
35 66 135
43 35 94
18 36 59
2 4 6
2 0 3
20 17 45
23 31 66
77 85 203
11 5 23
38 43 95
30 58 108
45 6 81
