200
1.90 1.50 1.60 1.60 1.00
55 70 172
67 2 124
51 63 129
46 25 89
75 5 102
97 45 171
57 27 121
41 62 124
95 157 320
56 82 167
22 15 54
93 32 210
11 0 16
92 108 288
56 30 127
37 12 79
5 7 16
2 0 3
3 5 9
72 86 178
86 120 262
48 11 90
85 125 257
13 15 34
20 4 40
31 11 59
76 80 184
89 91 217
94 47 230
90 40 214
59 99 209
28 29 68
70 32 162
83 15 161
41 10 85
71 132 219
7 9 21
54 86 172
27 36 82
32 16 75
45 7 94
84 9 120
63 44 162
18 33 63
24 11 52
25 35 83
45 7 77
92 165 306
73 132 229
34 7 59
98 87 212
87 97 207
37 37 110
49 24 112
92 60 243
68 79 211
35 56 120
96 46 166
54 18 101
9 6 20
16 1 29
29 46 97
58 108 181
6 2 13
23 9 39
70 92 187
36 16 67
52 71 158
67 34 161
93 36 217
42 81 131
24 40 71
76 13 156
73 38 139
81 72 175
30 2 43
13 9 28
12 19 41
44 53 111
13 21 38
1 2 3
69 50 151
14 26 49
36 42 108
41 19 93
90 69 200
39 58 109
75 70 166
5 4 10
86 97 246
15 14 43
77 116 249
6 5 12
96 151 283
76 2 128
38 21 81
90 34 165
20 32 67
2 1 4
59 118 224
19 27 58
98 147 317
26 10 57
51 76 144
55 110 201
82 140 278
68 104 198
49 39 114
73 91 205
63 96 206
4 6 12
91 26 204
95 29 161
39 62 132
54 105 173
86 71 228
43 45 128
25 13 47
77 127 228
22 1 37
55 52 152
50 56 129
75 62 169
10 11 25
59 13 91
88 125 270
38 67 121
37 40 88
100 118 286
12 5 22
75 140 286
64 29 117
73 105 231
52 33 104
3 2 6
46 65 133
49 26 104
68 115 205
93 74 218
91 13 177
43 13 70
27 49 84
46 72 155
97 26 186
54 8 81
38 26 73
61 104 194
2 0 2
59 80 158
72 86 211
76 129 261
59 48 132
35 43 98
97 91 224
75 34 150
68 64 149
65 120 207
36 64 120
49 27 104
34 13 58
3 4 9
57 3 93
14 23 41
20 13 49
44 17 90
88 103 247
21 14 51
70 28 113
56 53 132
19 19 49
41 57 124
65 115 238
75 48 175
42 67 118
17 22 52
35 31 84
14 3 23
57 18 113
12 13 36
97 118 302
3 5 8
23 35 70
65 29 140
33 55 111
3 2 7
18 29 51
35 28 76
57 35 134
49 9 79
39 46 117
55 24 115
75 36 138
37 74 132
44 4 84
9 18 33
11 12 29
7 1 13
55 75 170
34 44 95
88 145 264
