150
1.0 1.460001167067759 1.7620124789055862 1.3889039084971369 1.654185863142935
63 1880 1953
61 15 122
65 2032 2112
34 757 822
64 2417 2526
52 798 865
50 927 1011
67 2484 2572
71 1499 1589
48 1916 2007
86 398 511
49 625 689
49 658 728
63 1322 1391
47 109 163
65 1666 1752
91 140 280
69 651 742
61 610 677
71 1083 1164
41 885 975
39 432 494
99 997 1117
58 1915 1973
56 1400 1479
55 722 778
85 360 452
65 449 545
101 1112 1221
71 692 764
52 2056 2138
41 1904 1959
72 82 160
66 1281 1376
65 1092 1170
49 9 77
62 469 545
49 426 503
59 152 226
55 731 791
43 1607 1660
57 1402 1466
54 1248 1333
51 425 499
63 1119 1203
47 374 436
48 641 699
50 1859 1943
66 510 606
67 1205 1295
52 218 277
62 1818 1902
60 911 972
73 823 910
64 1457 1533
55 1765 1833
62 1208 1285
47 825 902
66 507 620
61 1700 1802
54 1436 1498
63 1494 1582
59 1600 1675
64 529 640
48 303 355
52 442 539
39 483 553
82 780 884
69 544 628
89 393 507
81 711 830
46 1089 1138
60 1062 1153
58 1317 1405
58 1394 1457
43 469 532
53 915 972
45 738 819
73 721 794
51 1205 1260
41 174 241
102 597 707
49 187 238
64 826 920
58 318 382
47 1434 1525
54 977 1062
42 1362 1436
61 1903 1975
83 1053 1178
68 1970 2046
41 1186 1248
64 887 987
58 1556 1629
46 401 457
85 1585 1708
63 2475 2543
40 932 981
65 1117 1190
42 891 965
72 140 218
77 818 913
65 608 690
83 89 192
60 763 851
54 827 888
57 988 1066
94 235 359
67 1124 1202
27 1234 1272
58 1625 1691
49 1676 1748
76 824 946
65 1242 1320
58 1032 1100
60 277 346
46 639 726
46 1709 1764
58 835 907
40 910 960
65 857 930
47 411 461
71 499 576
60 872 962
57 400 461
59 947 1046
40 1198 1261
52 262 342
60 211 279
56 52 164
83 8 117
58 1730 1821
68 1202 1314
55 674 753
48 1017 1080
43 195 257
55 310 385
62 987 1052
54 932 1000
53 150 218
57 2774 2863
64 1594 1661
71 481 563
76 1361 1454
64 509 581
71 1879 1951
59 174 267
57 770 851
56 811 875
51 962 1030
