450
1.1 1.8 1.6 1.5 1.0
1 381 935
7 108 116
15 320 337
83 223 307
73 204 281
41 319 360
22 162 184
107 304 1124
102 342 453
96 91 195
56 110 177
4 29 42
18 41 65
20 315 338
78 433 1373
66 55 136
88 5 94
107 470 594
26 402 438
31 99 149
64 341 423
55 280 1152
7 395 423
42 2 53
121 375 516
122 203 348
106 120 238
108 89 197
113 14 1107
92 307 407
101 361 487
81 343 432
76 385 470
3 465 493
92 24 119
105 297 1196
122 436 587
80 206 306
110 198 336
47 10 76
56 375 452
66 60 141
58 346 667
85 37 138
5 352 368
139 388 567
121 217 364
122 127 251
57 238 315
109 146 1218
125 50 219
115 438 578
75 72 165
135 430 609
115 30 159
9 166 208
85 268 1270
76 441 534
74 78 197
80 404 502
76 329 419
80 287 417
133 34 170
141 10 373
109 344 497
155 130 342
3 49 94
149 371 556
93 62 197
73 128 261
100 239 516
83 254 365
106 428 595
134 324 529
148 231 446
91 333 433
112 342 496
4 387 1151
162 370 567
132 36 170
132 344 516
145 77 246
126 334 490
178 66 300
111 379 1357
114 218 416
173 9 204
95 361 520
7 347 404
132 139 306
115 179 358
116 52 990
113 60 192
142 330 560
154 151 312
123 389 570
165 389 596
122 255 453
178 35 790
2 273 365
167 243 471
156 294 542
125 105 328
114 338 547
184 143 412
136 118 784
187 260 532
201 176 393
188 57 286
178 359 636
4 77 111
189 289 538
160 245 939
207 60 356
195 334 639
169 372 622
117 360 556
160 283 554
124 185 346
137 294 757
213 156 428
8 191 293
213 212 473
158 82 304
175 145 412
182 342 616
155 325 1336
217 34 251
190 178 369
161 98 372
199 192 424
199 60 369
4 341 462
182 294 946
181 1 235
235 152 418
194 194 432
222 251 537
149 210 360
194 331 540
239 190 922
157 249 430
143 352 610
5 327 348
243 66 422
231 183 543
215 106 445
234 105 635
228 148 423
201 11 256
189 260 462
201 289 618
233 269 570
221 293 584
8 54 290
237 336 643
211 14 338
205 117 474
244 26 401
259 86 349
198 6 205
258 329 1141
168 205 448
167 332 654
247 305 552
3 136 175
188 202 453
201 6 352
254 175 875
225 132 373
250 28 390
211 149 367
211 258 574
213 264 630
221 152 526
271 54 1176
3 61 133
244 7 361
248 151 448
250 271 580
197 162 370
211 96 406
186 301 960
270 258 584
227 72 463
233 48 463
286 253 697
2 40 206
242 13 286
203 121 430
201 108 482
283 142 594
217 200 554
290 104 428
264 78 420
239 198 464
238 49 806
209 297 703
10 53 241
299 69 406
289 38 458
258 147 518
265 106 527
206 262 1387
272 107 426
214 105 446
267 102 550
292 275 698
292 290 669
10 87 231
256 72 468
215 264 551
276 71 399
222 230 644
232 127 564
235 41 355
239 76 523
277 163 1172
236 172 585
253 203 612
4 231 246
289 89 441
249 145 564
270 189 519
290 260 1184
247 122 517
294 168 654
290 59 466
236 229 515
305 203 711
319 102 519
7 136 997
264 43 363
320 212 669
325 83 631
245 217 687
291 205 605
333 26 545
327 51 782
288 14 458
334 96 517
335 132 689
10 51 117
291 238 538
315 119 546
253 188 664
302 33 421
291 73 554
296 252 790
293 206 532
273 26 412
263 2 331
290 9 955
5 65 259
310 141 455
341 194 560
264 94 512
332 93 676
295 40 406
270 38 599
329 177 734
302 80 430
267 210 685
329 26 482
10 62 281
346 72 426
274 191 698
359 146 603
280 40 551
315 9 510
310 28 576
357 218 728
318 170 692
365 77 1156
346 111 638
3 8 199
356 118 563
280 191 676
350 115 540
361 40 623
319 148 601
312 132 485
312 158 613
336 175 709
310 54 365
326 11 601
5 112 225
350 97 770
342 140 743
293 89 508
314 108 649
357 23 653
362 45 459
355 141 515
392 179 1457
351 185 810
337 154 516
9 73 352
339 145 545
364 123 525
325 166 593
318 122 598
334 10 612
371 15 468
370 36 513
315 81 464
396 172 774
405 61 509
10 17 988
401 114 641
360 136 659
342 44 399
386 92 480
319 98 708
388 47 528
331 64 1008
400 13 522
323 105 439
378 180 690
6 93 154
406 99 682
393 102 654
386 15 969
396 52 763
372 99 664
392 37 586
354 93 483
421 80 733
417 22 744
347 119 1409
9 143 433
428 15 580
384 161 868
411 106 810
413 28 776
428 102 610
383 113 1494
352 3 509
438 9 542
360 65 504
371 53 698
8 2 352
424 120 619
400 90 620
380 73 746
440 81 546
347 127 722
399 8 628
381 110 676
442 54 657
436 103 1433
356 149 685
9 14 285
382 102 576
364 123 796
437 42 787
452 108 625
426 130 703
431 132 844
446 53 689
391 1 462
445 36 703
378 16 575
5 88 212
442 127 796
435 63 794
422 86 843
378 34 702
412 1 539
427 96 776
413 50 674
454 79 950
434 69 652
473 61 837
8 96 184
388 125 749
436 84 701
440 70 609
410 1 1309
438 13 694
390 6 550
412 47 841
401 119 829
388 91 680
467 2 550
3 58 861
441 8 729
485 75 578
431 33 776
428 7 808
447 20 537
460 102 861
422 88 1397
460 37 882
462 1 643
406 28 635
10 90 231
468 18 728
470 99 752
443 9 794
429 72 758
436 3 639
500 7 888
451 58 567
480 86 776
419 77 609
419 81 1414
9 86 155
465 54 616
427 77 555
480 23 850
438 83 910
448 86 600
467 51 1096
514 25 704
474 3 767
498 61 731
460 12 566
10 22 134
471 71 547
445 29 1310
520 66 644
509 49 808
470 68 733
469 67 931
483 50 782
468 19 714
476 4 1105
477 1 496
1 32 323
438 47 834
447 30 765
495 40 872
460 61 761
441 22 1199
451 7 748
512 47 924
481 58 919
513 30 824
463 50 810
5 47 218
487 46 1032
471 43 876
506 37 729
525 54 741
485 43 809
453 5 739
448 7 489
453 42 597
514 18 858
