500
0.81 1.96 1.0 1.6 1.85
295 197 547
197 547 745
547 664 1212
664 518 1183
518 672 1191
672 533 1206
533 96 630
96 9 824
9 824 834
824 73 898
73 855 929
855 437 1293
437 52 490
52 207 559
207 559 767
559 530 1090
530 311 842
311 16 328
16 84 983
84 983 1068
983 816 1800
816 78 895
78 599 930
599 930 1530
930 348 1279
348 926 1275
926 792 1719
792 327 1120
327 954 1282
954 93 1048
93 385 479
385 212 598
212 282 805
282 805 1088
805 81 887
81 19 355
19 355 555
355 555 911
555 821 1377
821 848 1670
848 770 1619
770 714 1485
714 374 1089
374 842 1217
842 129 972
129 634 764
634 279 914
279 674 954
674 92 767
92 240 333
240 176 908
176 908 1085
908 396 1305
396 588 985
588 155 744
155 120 476
120 476 597
476 64 541
64 343 852
343 852 1196
852 876 1729
876 34 911
34 541 576
541 574 1116
574 315 890
315 189 505
189 101 564
101 564 828
564 828 1393
828 933 1762
933 390 1324
390 350 741
350 381 732
381 536 918
536 638 1175
638 105 744
105 436 941
436 941 1378
941 990 1932
990 863 1854
863 386 1250
386 456 966
456 966 1423
966 215 1182
215 415 631
415 389 805
389 199 589
199 15 392
15 392 550
392 550 943
550 651 1202
651 660 1312
660 931 1592
931 378 1310
378 264 643
264 458 723
458 243 738
243 738 982
738 104 843
104 560 975
560 975 1536
975 567 1543
567 210 778
210 51 262
51 203 732
203 732 936
732 786 1519
786 441 1228
441 946 1388
946 125 1072
125 825 951
825 45 871
45 554 667
554 667 1222
667 544 1212
544 700 1245
700 572 1273
572 527 1100
527 563 1091
563 409 973
409 781 1191
781 761 1543
761 86 957
86 957 1044
957 917 1875
917 721 1639
721 637 1359
637 956 1594
956 964 1921
964 854 1819
854 237 1092
237 383 621
383 225 764
225 764 990
764 981 1746
981 631 1613
631 673 1305
673 185 859
185 224 410
224 394 619
394 47 616
47 616 924
616 924 1541
924 513 1438
513 49 590
49 590 814
590 814 1405
814 119 934
119 398 518
398 44 546
44 546 928
546 928 1475
928 893 1822
893 641 1535
641 3 645
3 449 453
449 160 801
160 801 962
801 604 1406
604 680 1285
680 384 1065
384 728 1113
728 53 994
53 994 1048
994 137 1132
137 286 748
286 748 1035
748 68 857
68 857 926
857 345 1203
345 870 1216
870 614 1485
614 238 853
238 312 949
312 949 1262
949 927 1877
927 204 1132
204 692 897
692 758 1451
758 729 1488
729 657 1387
657 319 977
319 375 937
375 937 1313
937 993 1931
993 413 1407
413 763 1177
763 905 1669
905 935 1841
935 294 1230
294 254 579
254 579 834
579 55 635
55 405 461
405 114 524
114 524 720
524 720 1245
720 861 1582
861 106 968
106 272 379
272 40 313
40 313 635
313 635 959
635 959 1595
959 538 1498
538 511 1050
511 736 1248
736 699 1436
699 26 726
26 582 609
582 61 734
61 734 796
734 531 1266
531 463 995
463 338 802
338 607 950
607 950 1558
950 991 1942
991 191 1183
191 952 1144
952 665 1618
665 170 836
170 543 714
543 329 873
329 594 924
594 8 603
8 581 590
581 276 858
276 653 930
653 711 1365
711 353 1065
353 688 1042
688 697 1386
697 480 1178
480 283 764
283 417 701
417 233 651
233 621 855
621 705 1327
705 110 907
110 907 1018
907 834 1742
834 208 1043
208 967 1176
967 749 1717
749 428 1178
428 485 914
485 339 997
339 997 1337
997 134 1132
134 625 760
625 603 1229
603 881 1485
881 431 1313
431 654 1086
654 496 1151
496 181 678
181 636 818
636 36 965
36 965 1002
965 986 1952
986 408 1395
408 12 421
12 115 324
115 324 611
324 611 936
611 916 1528
916 479 1396
479 779 1259
779 99 879
99 859 959
859 234 1094
234 59 435
59 435 719
435 719 1155
719 146 866
146 520 944
520 944 1465
944 235 1180
235 228 464
228 94 856
94 856 951
856 470 1327
470 438 909
438 446 885
446 528 975
528 223 752
223 150 374
150 271 896
271 896 1168
896 6 903
6 218 225
218 10 372
10 372 992
372 992 1365
992 142 1135
142 925 1068
925 677 1603
677 79 757
79 622 702
622 273 896
273 267 987
267 987 1255
987 753 1741
753 818 1572
818 445 1264
445 921 1367
921 586 1508
586 328 915
328 537 866
537 768 1306
768 152 921
152 512 665
512 477 990
477 250 728
250 583 834
583 231 815
231 172 587
172 587 760
587 529 1117
529 532 1062
532 864 1397
864 236 1101
236 803 1040
803 244 1048
244 277 522
277 357 635
357 618 976
618 782 1401
782 980 1763
980 704 1685
704 466 1171
466 502 969
502 186 689
186 285 472
285 161 457
161 457 619
457 358 816
358 376 735
376 113 846
113 846 960
846 359 1206
359 686 1046
686 785 1472
785 838 1624
838 553 1392
553 365 919
365 284 650
284 141 426
141 138 289
138 289 459
289 459 749
459 123 583
123 209 333
209 69 648
69 648 790
648 790 1439
790 733 1524
733 217 951
217 922 1140
922 301 1224
301 777 1079
777 467 1245
467 716 1184
716 245 962
245 598 902
598 902 1501
902 171 1074
171 287 459
287 169 457
169 308 549
308 549 858
549 370 920
370 509 903
509 903 1413
903 462 1366
462 868 1331
868 912 1781
912 87 1000
87 293 605
293 605 899
605 874 1480
874 402 1277
402 117 520
117 349 467
349 107 849
107 849 988
849 988 1838
988 85 1074
85 575 661
575 65 641
65 162 506
162 506 725
506 725 1232
725 483 1209
483 380 864
380 613 994
613 970 1584
970 640 1611
640 447 1088
447 127 609
127 609 853
609 853 1463
853 691 1545
691 661 1353
661 570 1232
570 60 631
60 153 974
153 974 1128
974 887 1862
887 432 1320
432 568 1001
568 646 1215
646 48 919
48 919 968
919 889 1809
889 703 1593
703 767 1471
767 274 1042
274 867 1142
867 342 1210
342 841 1184
841 468 1310
468 629 1098
629 25 655
25 601 627
601 306 908
306 464 904
464 904 1369
904 17 922
17 501 519
501 493 995
493 947 1441
947 766 1714
766 50 909
50 909 960
909 545 1455
545 206 752
206 488 695
488 111 969
111 969 1081
969 173 1143
173 811 985
811 439 1251
439 584 1024
584 989 1574
989 561 1551
561 715 1277
715 354 1070
354 401 756
401 669 1071
669 1 727
1 727 729
727 525 1253
525 465 998
465 998 1464
998 475 1474
475 643 1119
643 133 777
133 29 999
29 999 1029
999 298 1298
298 490 840
490 840 1331
840 151 992
151 698 850
698 382 1081
382 89 723
89 723 979
723 979 1703
979 687 1667
687 813 1501
813 542 1356
542 875 1418
875 144 1020
144 387 532
387 507 895
507 154 662
154 522 677
522 548 1071
548 571 1120
571 780 1352
780 58 839
58 121 487
121 487 609
487 565 1053
565 262 910
262 910 1173
910 346 1257
346 88 435
88 391 480
391 216 866
216 866 1083
866 256 1123
256 914 1171
914 577 1492
577 815 1393
815 124 940
124 300 737
300 737 1038
