100
1.58 1.96 1.41 1.00 2.89
25 55 182
100 79 245
58 4 161
64 46 241
34 62 126
86 50 157
18 94 196
83 93 247
87 13 159
8 44 52
35 14 93
38 69 129
76 100 211
37 46 248
74 56 205
34 40 79
88 85 188
75 69 196
81 4 125
11 89 155
55 32 160
92 75 222
85 69 234
48 86 162
10 22 137
92 2 133
80 65 220
23 21 87
85 51 185
9 55 118
11 0 151
69 66 169
66 6 224
87 86 249
94 10 249
70 92 170
95 80 236
18 7 25
77 78 219
30 48 126
37 42 111
67 99 224
28 3 148
42 17 110
36 83 219
51 2 96
21 9 112
78 52 186
90 88 245
46 27 168
26 65 152
65 10 190
70 76 176
100 14 244
32 65 173
44 72 225
49 14 149
43 92 220
66 46 221
32 63 154
29 49 121
8 29 206
42 13 143
27 8 156
68 50 132
54 18 98
90 10 111
62 77 223
48 53 164
56 23 130
96 36 174
1 46 90
75 44 183
89 67 198
58 67 246
78 97 216
75 39 236
10 26 209
23 98 127
80 59 219
87 39 177
86 6 249
46 26 143
74 97 204
49 46 216
45 15 126
54 4 146
44 9 94
28 100 234
43 35 193
27 93 172
34 57 163
5 11 49
41 12 169
78 0 213
10 28 108
10 88 154
12 91 237
63 54 145
43 18 113