300
1.50 1.80 1.60 1.10 1.00
24 26 63
18 16 37
95 58 192
85 71 175
51 17 91
22 15 50
91 136 310
80 129 250
93 178 340
35 23 72
14 1 22
13 10 33
87 125 294
67 43 132
1 0 1
4 1 7
60 50 125
16 23 53
24 38 84
80 34 167
31 1 50
11 7 28
22 1 30
1 1 2
56 60 162
39 57 121
56 106 187
94 132 268
55 83 184
83 166 281
96 69 194
54 7 98
55 50 139
87 60 165
64 43 154
23 12 53
63 28 114
77 93 198
29 23 65
77 105 255
19 38 62
51 56 157
83 10 136
27 41 79
71 43 137
87 131 299
73 139 232
80 125 232
13 17 36
92 87 258
30 60 113
33 58 97
7 0 13
67 86 199
89 26 190
55 51 140
58 79 176
42 6 62
24 45 74
96 140 304
34 68 112
82 144 266
65 100 198
71 92 201
86 141 255
66 81 188
10 13 28
41 66 121
99 146 266
85 7 144
75 84 219
28 39 89
52 59 126
83 64 210
2 2 5
77 0 103
67 70 185
87 52 189
49 66 159
35 23 89
35 43 104
38 4 72
86 149 320
62 123 235
74 117 242
29 36 85
74 2 100
27 30 80
64 92 193
42 54 131
18 30 56
53 44 112
4 3 8
55 41 141
14 27 51
93 22 161
100 18 142
63 30 106
87 76 239
7 4 17
80 33 149
65 94 180
82 82 190
9 5 19
52 53 128
46 39 100
20 40 74
42 3 63
3 1 4
2 2 4
34 19 60
52 52 129
23 41 81
19 7 42
2 1 3
73 143 268
100 139 296
8 12 22
75 115 211
8 13 25
69 9 142
40 18 66
30 41 97
99 35 199
80 119 222
4 6 12
48 70 134
73 144 274
47 11 83
13 8 32
3 5 9
86 5 120
82 98 204
77 59 178
83 66 189
38 11 71
58 93 190
67 6 125
54 3 94
76 131 239
34 24 88
70 17 147
19 30 64
58 5 110
39 54 111
66 23 142
64 11 137
4 8 14
49 77 139
37 65 118
12 1 19
85 119 224
57 33 102
28 18 62
21 23 58
31 4 41
23 30 67
77 132 245
15 10 38
26 47 85
87 161 275
45 65 139
10 15 33
50 3 67
34 3 44
54 6 112
67 81 200
14 9 35
91 167 336
84 134 282
7 13 25
79 38 149
14 23 47
39 70 126
30 45 88
70 50 155
72 71 160
59 61 167
47 1 70
46 75 130
28 49 88
53 26 128
44 52 138
44 77 148
8 16 26
92 183 306
41 0 63
57 59 156
57 20 122
23 27 66
65 15 136
71 40 176
87 133 270
24 47 75
3 1 6
68 120 239
29 25 69
60 47 144
26 25 69
11 10 30
56 12 89
37 67 114
24 32 75
52 50 128
14 4 28
56 23 109
79 9 124
19 4 39
63 114 207
56 14 99
62 34 116
69 31 142
94 81 241
20 6 37
72 31 147
14 19 44
41 72 148
63 117 234
10 10 28
35 3 54
10 20 34
36 72 139
80 91 226
52 68 141
47 45 105
11 6 21
77 3 127
26 50 89
48 95 158
47 68 132
62 112 229
67 20 134
50 18 108
100 16 178
81 29 128
34 59 102
68 5 94
32 32 91
87 115 254
59 11 111
26 13 44
52 24 117
17 6 35
50 48 147
87 104 268
26 44 76
26 1 37
4 5 10
97 118 274
25 32 75
10 3 17
48 96 185
30 52 88
7 6 19
50 58 126
51 50 132
15 16 44
91 21 168
7 1 10
70 72 192
54 46 117
43 55 125
57 62 167
55 110 202
3 1 5
26 32 79
94 138 300
34 44 94
70 108 222
39 71 124
57 19 119
11 1 22
88 162 302
51 24 94
45 63 121
28 43 90
54 23 96
64 18 123
69 19 137
57 72 148
82 75 232
86 4 171
2 0 3
7 10 20
10 19 34
26 45 77
72 104 246
100 110 252
97 22 211
96 79 256
57 54 154
53 54 146
95 99 268
25 8 55
10 0 16
6 5 16
43 49 124
92 88 209
10 9 21
20 1 34
