350
1.0 1.8 1.7 1.6 1.4 
34 95 155
34 35 83
34 46 105
26 123 260
31 66 100
30 130 190
44 153 288
21 138 396
7 37 138
2 42 61
6 36 79
22 71 233
35 74 111
45 194 539
44 84 246
10 61 101
49 35 340
20 25 139
22 91 303
42 191 310
22 164 282
2 66 120
37 78 141
3 56 87
44 45 334
1 53 71
35 74 109
35 95 161
6 44 147
28 173 353
29 142 305
18 1 154
7 65 131
35 52 121
22 144 175
28 103 232
12 0 48
35 100 152
31 105 159
26 135 394
30 117 311
13 10 195
15 34 193
31 35 81
15 7 150
25 112 193
23 130 255
10 38 97
46 6 196
5 54 151
38 65 104
47 19 222
26 105 298
36 78 146
18 6 129
7 61 97
16 5 144
27 151 387
33 80 115
18 12 73
29 77 129
6 70 159
49 190 563
15 9 44
41 128 435
50 259 478
9 38 113
9 47 114
1 70 166
31 62 106
37 95 163
5 48 90
5 40 92
20 12 150
1 37 44
24 119 154
25 162 207
45 151 460
24 90 350
20 24 171
28 173 377
4 35 141
39 90 131
32 74 122
14 15 39
16 22 213
31 42 107
31 68 105
45 74 126
43 18 238
28 99 235
12 7 173
33 87 150
44 175 412
48 139 434
31 51 104
6 68 167
15 3 178
36 63 111
30 101 304
8 70 115
21 119 225
40 36 88
6 43 107
49 41 142
27 156 379
5 58 119
17 11 44
8 69 147
29 132 206
31 81 120
24 114 334
49 201 271
34 103 161
6 61 119
11 30 93
15 1 84
39 67 138
26 148 217
4 61 154
33 98 131
11 0 109
22 135 237
3 55 70
27 76 336
12 5 120
44 18 363
34 95 139
34 85 136
24 127 194
44 273 443
31 85 137
38 83 152
22 111 137
2 62 161
19 13 47
42 81 135
11 11 142
46 71 319
46 3 182
32 67 126
17 13 111
44 130 497
23 96 335
39 70 112
42 18 333
25 135 240
1 50 91
28 134 213
24 158 349
22 98 281
20 26 129
7 50 60
7 39 85
4 38 42
25 122 218
1 40 116
31 97 162
26 97 324
24 173 226
40 65 105
25 104 215
5 57 70
17 1 131
2 36 86
27 77 339
8 70 175
24 89 334
40 104 159
15 33 191
19 18 79
36 96 146
15 31 125
50 264 645
34 59 117
45 237 292
37 35 101
9 40 128
6 61 119
4 54 143
7 53 83
27 147 301
34 41 99
36 85 139
20 35 56
28 94 248
49 82 241
45 19 82
18 10 116
2 64 132
36 61 110
16 0 181
26 146 319
20 34 84
46 216 377
41 225 445
33 60 93
28 110 346
25 167 322
21 163 411
39 104 147
6 58 136
36 40 100
19 1 114
8 62 116
45 238 301
12 19 192
18 24 110
25 175 236
26 154 365
34 65 126
30 110 350
29 152 377
34 62 115
25 76 120
44 255 389
26 119 351
48 100 259
34 49 86
35 64 115
16 33 98
33 43 109
7 62 144
22 132 316
17 16 188
41 184 259
1 45 111
35 63 113
19 8 43
1 61 91
12 22 119
41 78 289
9 63 116
14 33 80
1 50 132
17 23 80
28 140 323
1 51 115
24 113 292
26 73 234
33 44 88
16 34 68
36 76 121
12 13 31
10 57 163
7 36 52
5 68 76
28 128 198
26 70 200
40 59 105
14 31 176
32 60 112
45 73 251
43 158 358
9 44 147
12 0 113
40 42 109
13 20 135
11 0 64
14 24 181
14 12 94
16 25 191
28 167 410
24 111 185
36 40 85
43 21 127
31 99 158
37 62 114
5 54 104
14 20 119
18 31 179
7 47 65
9 46 127
14 19 160
38 63 134
50 3 213
2 57 61
19 6 78
15 4 181
12 21 180
50 99 446
34 65 101
50 40 395
2 66 96
17 21 144
30 173 240
16 22 73
40 75 141
39 67 125
48 178 231
38 67 126
20 20 126
46 95 448
3 61 93
41 114 462
27 161 292
15 22 212
50 203 349
23 140 307
13 33 174
11 22 149
29 90 172
19 16 127
32 90 149
7 53 91
36 104 163
27 146 358
34 65 99
10 44 147
5 54 127
27 119 367
13 9 95
23 78 306
37 42 80
2 38 72
30 164 433
26 169 289
39 64 117
24 173 388
47 257 402
44 191 529
41 169 424
27 131 227
12 5 190
18 12 156
15 30 165
26 103 372
29 153 386
1 66 118
43 226 504
49 0 306
8 56 74
26 100 164
47 156 230
31 54 102
16 5 62
33 57 106
41 203 538
44 189 560
41 114 363
45 183 392
28 133 293
9 63 95
3 37 106
36 44 113
38 91 137
9 52 110
38 36 96
45 253 618
35 51 92
