500
1 1.78 1.08 1.46 1.47 
91 5 176005
92 37 406125
61 12 94296
9 44 304660
98 13 439757
32 39 457573
4 50 18599
87 17 239831
38 16 365052
57 35 100407
28 46 30036
31 10 39436
53 15 137866
36 28 2863
75 4 416087
96 19 125227
2 38 251863
100 5 445992
22 17 405871
51 10 340386
35 38 315921
31 3 314911
100 3 373173
90 36 18602
17 18 411187
87 10 316696
36 11 235138
89 36 324013
28 39 422274
49 48 485485
59 42 486557
15 15 52807
22 4 444300
68 16 49228
45 39 435255
42 21 307395
9 22 35966
95 31 369782
58 2 87235
46 19 218003
17 38 113773
5 1 175242
8 1 371487
8 13 469079
25 41 125779
45 47 423823
40 5 121441
6 47 27999
94 25 497744
63 49 231108
7 35 399697
10 39 285552
91 49 44635
87 21 345959
42 14 46881
67 23 125000
6 30 395698
78 25 401589
35 48 89492
81 20 130707
74 32 441305
80 25 364267
93 39 454302
63 20 66459
89 24 340887
21 50 499319
54 7 225051
94 26 243871
70 36 418350
50 23 371388
20 45 447556
95 14 433010
19 14 346409
27 18 379655
12 16 391981
45 41 400112
83 1 450902
76 50 145691
64 43 140035
80 30 342505
97 33 135956
7 44 136908
7 32 496569
77 36 407686
42 34 273263
79 40 380977
3 21 260751
30 27 56818
3 46 326396
37 40 477034
15 26 95543
32 36 317636
74 36 238048
62 29 23774
58 21 437978
33 3 292642
27 6 350266
7 13 69436
6 7 211677
62 49 227021
75 32 125305
32 28 470536
24 26 361637
80 33 344895
50 11 151964
47 12 241215
70 23 68580
71 1 313237
24 14 132634
92 25 371908
26 32 151211
83 29 159205
85 43 419801
86 23 436664
28 47 415313
13 8 2896
9 18 182959
99 2 17159
84 32 65305
34 25 190151
90 1 55287
80 42 154403
54 11 113973
43 48 171101
13 47 404869
27 17 30610
2 7 374359
55 3 324900
82 42 40165
34 34 445823
27 44 465882
53 43 381470
4 20 340305
27 11 89072
100 36 430682
31 7 141241
73 36 71851
41 7 226579
20 12 21523
18 46 297739
77 18 290387
34 46 169437
29 41 450683
67 3 96895
63 42 255974
79 26 481626
84 45 210392
61 12 288911
3 19 445575
64 25 252549
57 39 158205
89 28 449868
68 25 281649
19 15 237964
23 34 454043
23 47 413540
35 50 216921
76 46 332797
70 23 268050
21 16 72877
10 11 458521
71 39 437468
16 20 37968
1 1 398040
31 47 386297
87 19 71180
2 14 418756
45 8 366879
95 11 372461
65 26 458827
84 16 136643
66 14 194625
13 24 39976
41 38 494640
29 22 253840
76 9 236460
35 9 41693
30 2 105858
65 42 234272
63 24 391921
70 16 439485
8 32 357575
41 47 332902
95 7 495943
70 29 150292
11 7 344853
97 26 455162
43 27 416135
49 24 180625
6 29 356446
67 45 24278
93 33 473059
3 17 447602
73 1 426674
23 40 239431
43 34 108208
31 28 88242
88 12 245982
73 14 28828
31 25 376495
48 29 402953
42 1 264782
43 13 392707
51 23 204842
43 32 193977
24 48 202444
56 49 129324
12 48 77804
3 49 315035
32 12 289499
22 20 488775
59 6 365113
89 16 255551
97 4 271126
13 11 99722
84 39 258522
74 19 122884
17 22 415290
75 27 469314
97 32 308665
62 49 82206
31 44 209182
27 37 330082
83 26 24048
55 21 153650
41 36 111841
71 32 71172
91 20 217150
6 49 108611
45 15 290780
35 21 313165
3 33 446900
83 47 19639
95 25 302400
82 12 369611
37 33 128209
15 45 150913
28 19 406740
27 16 316664
98 19 148369
18 21 381217
41 29 380692
58 23 125711
64 19 422024
91 47 374608
21 34 149395
40 9 195097
93 4 363823
37 10 167222
48 26 14818
80 42 18822
58 5 64240
88 4 170048
92 18 441288
47 43 351000
43 47 223386
8 7 472876
56 22 283882
62 40 262046
88 31 206015
17 37 17225
2 45 212010
93 19 158058
3 26 6103
17 12 484740
62 20 100704
76 12 341425
67 50 368639
100 19 245576
50 31 383651
56 11 39842
27 44 16109
13 7 174166
70 11 435086
14 39 38289
64 37 394722
66 32 221665
9 38 339800
7 9 430778
43 28 495549
75 25 267259
8 23 329103
10 28 266545
63 45 246329
45 23 463035
47 18 382166
88 41 481135
95 50 465564
5 22 257702
22 38 66917
9 30 54184
31 10 88322
79 12 186971
6 47 373465
1 25 124424
15 41 216463
41 21 328758
39 37 97901
58 49 378222
49 16 387482
2 1 27326
95 50 72215
99 5 193066
89 8 293650
57 3 284070
77 12 236598
43 30 247829
65 36 227279
71 1 432986
81 33 92927
72 25 245736
51 10 147744
24 27 49028
81 29 253232
54 15 390016
8 18 221713
17 22 60946
55 33 65985
76 1 130657
86 7 434467
47 45 375895
25 9 368331
89 12 125588
65 22 129093
52 38 275531
89 10 150146
77 24 238200
43 16 80893
7 41 465378
20 39 2041
59 19 456082
84 34 426302
86 37 115966
4 30 493453
13 26 176322
82 20 360245
49 20 135415
34 15 388283
87 8 398956
15 2 483090
95 17 39727
22 4 337457
80 41 214227
54 23 195342
9 10 123148
3 36 125634
7 50 271606
9 29 388406
66 50 230534
66 17 55161
100 22 103200
69 16 40503
52 26 367373
91 31 128935
19 24 231136
93 50 333621
17 42 449825
73 11 450911
5 21 428589
76 39 25518
53 49 179292
70 24 216918
64 46 117461
66 10 140806
89 11 59724
3 49 359259
89 47 14550
67 19 166477
86 24 382322
98 29 369960
8 18 147203
13 46 86939
29 24 223839
41 41 389136
86 36 191404
3 27 317175
64 19 153440
72 4 494254
83 13 471798
79 13 215052
32 47 121436
79 12 372556
69 31 148089
33 5 338344
76 42 499603
8 44 167471
86 16 212124
46 23 288893
12 28 167446
88 42 87675
90 10 497578
6 7 169809
82 45 139279
43 44 26153
12 39 79953
92 21 80670
37 23 342886
20 6 91993
87 32 77357
80 39 320229
48 19 167620
52 21 91919
5 16 475702
64 5 172691
43 47 446005
50 33 1897
86 2 297959
28 48 109310
20 13 159264
30 50 302620
64 47 443541
82 45 418971
75 20 302312
43 11 116561
38 22 265614
61 17 351285
51 13 358018
59 17 170161
54 47 371140
83 12 356659
24 23 310136
85 1 80090
71 45 54917
76 3 188599
43 35 464726
50 20 196836
76 16 162527
18 30 439802
41 23 335078
63 8 86312
92 17 202591
48 35 164518
48 42 37131
83 44 283113
73 36 148852
92 14 263884
61 24 231195
92 4 171647
3 31 389835
20 43 176859
8 27 79561
94 9 30848
96 17 489014
83 13 474609
31 31 374520
67 30 475657
87 41 464985
60 24 86689
66 2 30305
51 11 95906
27 24 228407
73 38 186584
12 19 51870
42 12 251937
68 45 59988
61 31 43506
30 23 113658
15 10 185405
57 45 116566
99 38 39890
53 9 10558
42 28 196870
66 3 256644
80 47 192156
46 17 449390
32 17 339338
74 35 234191
84 6 164595
93 23 75562
13 7 273147
6 32 36434
74 21 491570
62 12 415265
11 9 344243
97 4 198733
45 5 66439
68 33 443262
87 20 56123
56 45 409246
50 6 107075
34 6 267366
11 47 322993
6 4 242602
47 6 113906
4 37 344610
100 12 276699
62 4 272129
27 24 75717
17 23 101844
18 41 214191
81 6 6526
52 4 353766
92 34 67826
86 31 344991
1 50 495893
5 10 499440
74 42 316413
30 30 368859
83 27 14897
21 8 495382
