350
1.30 1.30 1.80 1.20 1.00
34 26 90
66 101 193
10 4 19
13 5 21
95 22 172
94 165 352
63 6 99
71 8 121
11 21 39
66 24 140
99 91 229
84 49 179
70 90 218
87 154 311
21 16 54
73 21 164
7 13 24
38 32 103
85 21 142
67 110 232
88 14 177
13 10 30
47 43 103
54 16 108
19 29 55
99 97 245
55 97 178
73 68 210
87 73 226
81 45 195
45 41 97
12 11 30
22 39 66
30 46 105
38 51 101
78 29 183
15 2 20
65 71 164
18 23 56
75 13 137
18 36 67
51 39 109
24 45 74
89 27 174
83 161 265
38 38 90
48 54 121
13 13 33
78 154 277
80 94 190
78 81 227
51 76 151
33 30 87
91 171 330
88 91 205
25 27 74
70 49 136
23 18 53
78 88 229
30 13 54
33 7 58
36 58 105
74 60 178
7 6 19
34 20 73
25 36 85
25 21 58
78 78 208
28 51 97
29 13 68
38 67 133
97 143 316
53 42 115
94 6 161
86 172 338
13 18 35
87 144 271
71 43 172
84 60 213
91 171 350
80 15 117
15 7 26
20 31 55
47 83 142
64 21 100
54 21 122
6 6 15
53 70 150
20 38 74
66 121 230
75 107 238
8 12 27
98 41 221
24 41 84
63 60 138
37 37 106
37 28 77
18 5 32
40 19 84
62 17 106
48 59 118
4 6 11
8 10 22
27 30 68
61 48 133
54 31 125
12 24 46
60 55 131
81 40 179
48 83 175
38 17 75
35 6 61
27 25 61
26 9 58
18 17 46
68 32 123
86 90 214
50 96 181
85 136 271
23 3 46
3 0 4
34 54 112
87 52 205
67 106 238
10 15 34
1 2 3
16 3 30
73 93 187
17 27 50
10 1 17
61 43 141
100 160 281
5 7 15
88 91 256
56 75 157
94 12 179
67 79 169
68 114 249
58 104 190
66 117 208
44 8 79
64 42 164
95 71 201
45 15 80
69 106 194
10 10 22
59 1 108
17 26 49
54 15 109
58 27 130
53 61 148
78 119 234
78 104 209
56 66 174
7 2 14
81 29 179
94 186 299
15 8 31
30 1 57
92 133 282
5 5 13
40 51 130
60 4 90
65 116 241
79 150 268
89 70 208
54 92 164
88 49 214
28 16 54
21 21 48
55 90 194
31 48 92
66 28 114
50 63 148
74 11 126
34 47 108
2 3 6
39 73 150
38 24 94
51 31 93
45 36 125
67 126 226
33 53 98
64 42 155
42 1 52
83 28 168
2 0 3
11 13 31
83 107 237
4 2 7
46 26 101
73 31 143
65 77 157
58 31 122
96 40 163
67 40 147
96 53 201
27 40 81
46 53 135
30 17 72
77 149 294
78 142 295
92 140 294
53 52 132
63 99 199
100 57 201
4 2 9
98 159 282
42 56 124
77 51 166
94 71 195
3 3 6
75 78 192
6 9 17
77 148 300
70 127 222
35 28 91
83 41 201
96 94 216
10 20 34
87 77 244
78 14 123
30 52 92
6 1 12
6 9 19
27 6 43
98 144 311
97 160 298
73 106 219
23 15 54
100 163 325
21 31 61
75 38 155
57 33 126
99 143 304
75 46 155
100 14 151
6 2 13
79 96 251
32 13 71
43 34 86
29 26 79
24 39 86
5 8 16
22 29 72
84 113 220
59 117 231
60 20 130
27 19 60
40 38 108
48 38 130
37 6 65
6 1 11
21 33 62
15 26 50
52 45 116
34 37 94
41 47 108
75 107 230
20 12 37
73 26 163
3 5 10
94 172 355
52 32 99
73 115 209
98 87 232
65 47 148
32 24 67
51 63 141
54 85 180
99 18 171
9 11 26
59 52 160
3 1 5
33 55 102
3 0 5
32 45 100
62 28 114
97 125 257
48 72 158
46 73 149
12 22 39
16 8 37
50 50 140
15 3 24
7 8 17
38 67 117
18 8 36
20 34 62
85 116 226
72 15 131
53 56 120
100 4 194
13 5 25
35 57 113
85 83 241
63 113 219
87 9 136
15 16 40
55 56 148
57 87 157
27 8 49
20 23 53
6 12 23
58 61 174
76 21 142
35 68 119
11 4 18
42 52 105
84 39 176
61 107 204
49 2 75
53 105 175
2 0 2
64 50 157
97 99 237
84 89 196
90 109 279
23 10 43
5 10 16
44 77 154
100 137 271
30 0 58
93 21 196
12 8 30
73 43 183
23 15 49
8 8 19
42 58 126
88 164 269
34 13 61
96 24 159
33 36 75
93 31 215
23 17 52
93 180 322
2 1 4
34 5 54
24 26 61
99 45 205
9 16 26
41 82 157
91 33 181
4 1 6
15 8 35
5 0 7
29 35 75
31 61 113
75 122 228
91 149 293
