450
1.2 1.5 1.0 1.5 1.5 
71 805 882
72 545 650
71 486 587
84 45 166
94 415 542
62 306 379
82 898 984
5 630 668
82 321 412
83 590 713
57 831 910
54 656 729
60 106 208
37 166 241
71 950 1040
56 18 95
88 860 997
94 320 460
73 850 942
70 442 531
8 358 404
21 936 961
67 12 95
34 108 173
75 791 900
45 649 707
92 53 191
48 7 83
28 755 827
39 148 193
5 794 849
8 256 272
68 881 967
56 734 796
45 34 85
44 968 1021
30 439 501
50 305 387
62 705 800
42 213 259
77 93 198
37 435 484
12 534 596
56 435 512
93 559 664
32 858 924
15 785 833
25 495 562
91 465 584
25 552 578
33 860 910
53 989 1063
81 158 270
13 973 994
7 891 911
56 206 312
48 340 395
75 868 960
12 747 802
15 34 80
83 390 474
38 947 1021
35 248 321
44 921 980
60 121 195
94 74 193
70 74 178
6 556 572
21 631 691
79 25 108
68 588 697
27 76 108
76 649 764
17 490 546
45 497 556
66 280 382
21 125 176
41 18 103
8 516 553
90 683 794
90 475 596
19 301 354
25 96 136
23 608 677
52 92 151
31 936 1017
14 127 150
73 306 390
4 401 424
91 437 542
95 847 957
3 520 559
96 96 229
87 472 583
54 794 866
69 7 119
33 961 1034
71 681 762
47 33 107
90 834 972
30 195 249
14 158 217
85 477 564
69 999 1117
36 250 319
85 935 1050
22 978 1041
90 603 738
25 198 233
63 978 1063
40 910 964
60 197 268
55 802 907
80 668 766
63 441 543
17 647 690
73 643 754
58 804 865
19 246 280
96 140 270
86 191 280
28 983 1059
17 282 303
40 433 507
31 913 985
3 336 374
13 877 911
66 225 328
63 718 827
80 964 1049
64 36 147
67 679 760
90 213 322
54 48 145
16 606 647
71 62 146
16 755 814
90 407 526
47 562 645
30 704 780
72 742 864
29 769 807
29 631 695
98 769 890
48 700 750
78 787 891
61 727 795
58 402 502
3 861 890
84 309 443
91 675 773
92 225 332
41 321 372
37 926 989
41 200 266
94 356 498
2 282 297
44 249 324
4 574 622
64 440 537
55 921 1001
44 832 877
17 714 744
59 325 433
33 161 198
50 826 903
25 13 41
50 800 900
9 737 768
40 138 218
10 373 385
9 852 894
84 307 405
1 968 1007
51 292 373
95 197 342
19 71 122
79 661 752
81 599 723
38 697 770
100 952 1082
9 592 620
51 999 1099
27 278 324
98 171 294
78 720 805
13 776 826
56 553 612
69 425 531
13 819 881
53 951 1012
13 142 160
87 296 429
32 854 896
50 735 812
62 159 243
88 113 226
92 555 678
10 224 236
25 632 658
91 501 607
42 221 268
76 928 1036
73 703 782
8 209 230
49 438 495
85 756 866
70 709 818
49 128 211
11 207 236
22 166 228
69 368 469
5 475 507
91 686 779
21 484 543
3 303 345
31 852 931
27 907 947
62 821 906
25 389 457
42 896 942
66 578 681
68 516 593
14 963 1010
72 179 287
84 454 539
43 117 164
43 51 109
53 802 857
26 484 538
58 810 892
94 915 1030
3 422 441
12 758 795
49 913 996
64 223 323
86 235 349
55 282 380
57 965 1068
72 462 580
36 220 302
57 641 734
29 216 270
94 213 311
15 578 613
68 328 419
86 937 1030
36 239 318
94 762 876
29 114 188
46 936 1013
89 329 453
19 18 40
83 266 380
13 106 122
13 111 167
99 705 825
46 103 184
3 413 439
14 624 685
23 915 942
95 513 629
55 613 704
99 632 734
71 182 281
10 649 672
9 799 829
42 76 152
48 52 135
63 90 197
84 811 933
1 979 1030
98 376 522
86 635 730
6 573 586
44 1000 1060
96 362 482
23 53 101
45 990 1077
68 934 1005
1 484 516
90 952 1064
84 688 810
11 453 512
65 990 1060
80 971 1062
99 389 508
36 939 1011
19 598 667
22 54 117
12 942 959
34 295 361
98 138 281
2 208 245
71 61 151
34 520 597
91 470 601
39 756 813
66 892 987
22 460 495
84 872 966
12 748 781
3 585 596
47 868 945
4 68 104
59 860 939
29 224 302
39 686 766
18 104 131
4 194 206
39 339 428
10 720 763
97 128 268
11 416 442
3 163 206
38 410 476
49 167 219
51 280 356
3 284 329
32 764 832
34 492 543
84 190 284
4 937 944
14 198 223
38 711 756
3 742 775
61 481 559
97 534 636
15 392 439
71 542 634
27 957 1020
17 985 1017
78 689 776
61 628 696
40 406 481
85 913 1034
54 394 450
89 376 503
59 163 236
59 810 874
82 394 486
93 896 1014
32 213 254
96 164 278
70 717 819
66 312 392
23 67 98
13 125 163
19 357 398
100 335 451
9 794 815
77 438 535
70 875 958
37 806 850
45 13 98
75 839 962
28 552 628
15 641 698
88 490 589
20 6 51
48 373 437
59 369 435
36 373 432
84 525 624
21 424 475
82 372 462
26 341 413
94 500 603
78 233 334
73 301 384
65 87 168
27 619 653
70 286 401
71 824 930
13 230 272
60 49 127
84 468 578
46 365 418
40 568 615
47 979 1062
32 729 762
70 248 367
24 884 922
28 179 222
86 407 513
9 876 923
88 613 733
71 687 792
99 709 813
43 67 158
16 677 726
93 551 690
97 357 495
60 825 935
3 452 493
38 728 782
90 993 1086
21 432 479
15 270 316
41 296 353
32 223 303
90 731 834
50 499 583
50 352 443
74 831 940
12 422 463
50 46 138
56 260 324
27 777 850
26 259 319
53 658 718
99 509 657
67 430 517
33 743 792
57 855 955
87 8 101
51 2 76
84 427 539
67 632 725
17 654 672
58 165 271
66 397 478
37 781 849
2 856 867
20 892 952
8 913 942
1 802 823
89 241 372
6 813 856
81 344 428
23 662 697
79 319 415
19 562 584
57 722 819
59 826 915
36 284 352
48 548 603
72 822 903
6 656 700
42 502 549
15 346 394
24 280 339
43 369 432
56 664 744
17 54 120
25 852 892
33 727 798
97 154 297
12 792 827
3 904 925
