250
1.5 1.5 1.1 1.3 1.0
2 459 593
78 370 448
7 75 84
10 456 469
41 201 247
83 9 97
69 137 207
98 478 975
91 213 304
77 97 182
28 286 318
4 90 96
107 336 454
43 345 391
106 173 653
33 350 384
44 27 87
93 142 248
117 449 584
64 351 430
105 265 385
90 109 737
4 275 299
44 62 126
37 434 477
93 272 383
31 148 199
96 226 336
69 22 318
100 254 380
126 434 584
56 225 283
45 341 411
10 74 99
50 193 249
110 23 622
61 40 122
90 396 518
105 64 206
131 332 490
72 195 281
135 387 531
47 416 594
100 432 553
3 396 441
143 243 412
125 391 531
97 393 524
74 315 393
66 138 382
136 258 395
143 177 342
115 324 457
123 245 388
135 348 495
2 391 437
112 2 912
78 28 113
121 175 332
148 95 260
124 213 391
152 32 209
93 66 181
150 411 844
94 103 247
143 196 388
9 287 331
133 392 566
128 282 441
151 359 564
91 102 931
117 391 578
166 407 637
173 160 405
113 202 383
117 295 486
115 361 534
1 402 810
118 397 565
173 128 310
139 355 540
121 140 286
124 94 293
166 309 497
153 394 1013
156 301 539
110 81 215
94 378 560
1 130 213
122 392 524
129 2 200
143 2 549
134 110 285
148 337 533
184 302 567
97 394 539
178 329 520
121 106 268
138 217 1034
3 123 137
198 284 483
124 327 521
109 223 334
158 391 650
138 15 202
185 179 596
159 72 321
164 176 349
121 8 177
156 38 268
10 18 106
124 237 376
198 380 1305
162 164 354
188 377 612
126 67 275
191 161 469
212 28 354
185 164 410
122 78 363
133 159 297
7 286 384
169 34 210
192 316 551
204 280 521
194 149 379
166 40 562
212 155 461
210 358 570
162 97 266
138 239 448
169 287 522
5 327 433
230 38 958
148 316 504
149 283 461
143 327 544
237 124 398
140 45 259
185 29 315
191 78 962
196 113 442
188 87 285
1 261 287
155 132 381
201 320 639
213 124 435
201 279 1219
243 145 521
163 214 384
249 157 556
169 315 498
225 273 503
238 196 518
4 19 342
243 327 593
183 104 341
202 332 624
213 131 444
192 109 383
236 303 644
215 191 770
167 28 251
212 69 293
245 157 437
10 311 485
208 175 526
169 71 381
243 173 817
205 323 544
225 111 347
204 56 348
271 54 370
193 274 562
237 41 370
192 248 910
5 142 149
231 230 554
244 276 688
217 124 426
250 43 461
205 287 662
229 26 1079
205 305 562
273 2 359
211 199 567
261 152 450
5 35 76
198 180 397
237 300 1513
220 155 550
235 269 590
208 291 650
267 285 596
289 218 676
245 135 470
255 169 1228
206 130 360
1 14 186
274 275 729
266 154 536
274 37 328
298 115 434
225 190 1404
291 200 646
207 257 647
237 78 406
270 182 519
303 97 587
3 79 199
282 93 1052
280 215 647
297 65 494
256 131 435
313 236 733
241 76 484
242 12 362
261 39 1136
270 134 432
261 242 549
9 52 147
270 259 622
264 145 527
247 161 441
288 24 737
257 67 536
239 115 567
259 8 451
295 268 607
250 208 458
284 51 540
5 93 447
269 84 564
323 51 562
262 46 442
236 169 630
312 184 527
289 111 451
261 76 929
325 124 624
273 39 378
262 111 500
6 172 342
281 255 615
312 217 745
340 223 1017
296 53 368
298 253 731
326 67 447
333 127 672
