50
0.73 0.67 1.33 1.65 1.0
521 923 1445
923 102 1026
102 221 324
221 6 438
6 438 445
438 316 755
316 277 594
277 216 494
216 362 669
362 669 1032
669 789 1459
789 555 1345
555 297 853
297 182 480
182 178 574
178 574 903
574 903 1478
903 867 1771
867 54 922
54 801 856
801 661 1463
661 165 827
165 326 740
326 740 1067
740 35 776
35 271 307
271 205 477
205 433 639
433 607 1041
607 26 997
26 997 1024
997 610 1608
610 619 1230
619 236 856
236 194 586
194 586 911
586 911 1498
911 906 1818
906 687 1594
687 130 818
130 790 921
790 286 1077
286 285 572
285 55 587
55 587 643
587 440 1028
440 894 1335
894 822 1717
822 298 1121
298 796 1095
