250
1.80 1.80 1.40 1.90 1.00
37 28 85
82 82 245
32 61 114
60 65 173
32 48 105
46 35 113
57 15 87
61 12 137
82 33 183
35 19 84
5 8 16
37 54 116
74 28 135
75 86 212
20 27 60
58 69 158
64 20 139
98 181 378
45 21 93
31 4 63
46 57 134
62 58 175
86 118 282
82 25 129
56 89 176
72 65 176
45 35 92
59 41 149
75 5 124
42 48 126
5 3 10
96 50 199
35 59 114
56 73 180
94 179 340
22 9 42
99 59 218
99 93 242
81 148 288
50 7 79
100 198 370
71 20 157
21 18 46
52 104 185
93 90 218
2 2 5
44 19 91
8 14 24
84 7 157
51 70 148
2 0 3
71 39 171
31 41 98
52 87 155
97 171 313
76 117 213
58 61 164
94 115 250
96 166 366
84 62 201
57 77 173
73 145 241
86 104 221
18 26 53
30 41 90
41 55 121
19 33 63
71 111 238
49 11 88
17 16 39
34 11 80
8 5 17
95 90 281
87 39 188
96 115 308
24 46 88
84 70 234
22 34 65
88 166 324
59 38 124
15 29 56
81 25 132
68 61 153
63 97 202
2 0 2
66 127 231
4 4 10
37 58 108
38 32 99
87 125 291
97 169 341
54 28 118
48 32 107
24 21 59
88 155 280
35 59 128
72 49 150
100 75 224
72 125 259
41 47 115
38 60 124
62 88 178
59 58 160
46 83 150
26 1 44
95 3 163
12 12 35
56 58 138
30 56 107
7 11 20
19 2 30
39 48 117
91 140 286
39 43 104
14 11 34
92 12 184
4 4 10
37 29 101
47 67 162
85 13 135
70 101 217
40 79 151
20 4 33
47 17 103
17 3 27
27 48 97
97 175 306
59 11 88
61 34 153
25 7 54
54 77 173
99 157 335
70 41 172
2 0 2
50 55 141
97 65 262
10 16 36
100 64 213
49 49 131
38 57 109
48 24 97
54 65 143
48 84 180
38 12 73
24 2 47
1 0 2
57 26 136
56 74 181
63 41 135
6 12 23
60 106 192
26 51 87
15 22 43
23 28 64
70 132 242
15 4 29
41 80 145
47 82 171
71 0 114
35 37 94
14 23 46
9 13 30
45 25 82
20 30 65
85 30 169
94 22 182
45 40 119
35 27 91
1 2 3
23 38 78
41 35 119
40 66 123
23 7 40
99 20 176
26 38 69
20 13 45
88 88 263
72 38 141
27 23 70
77 2 110
8 15 28
39 55 110
53 60 126
57 60 138
90 30 168
14 10 30
90 114 255
64 68 179
20 5 34
31 2 56
47 65 145
4 6 13
36 16 83
46 78 154
19 0 36
30 19 75
61 5 117
29 27 80
20 7 35
41 50 128
42 28 116
35 40 98
46 0 72
1 1 2
71 4 128
79 55 189
27 49 86
26 45 86
22 20 47
74 145 247
45 55 128
85 152 278
77 38 143
54 3 75
49 70 140
33 13 58
64 96 220
75 20 170
32 4 48
92 34 205
98 7 196
15 1 22
45 17 74
71 26 166
36 30 86
10 14 34
41 28 84
88 5 136
35 41 110
49 67 144
45 7 68
42 42 95
68 127 230
16 25 45
53 8 106
31 8 66
43 2 85
97 169 335
32 18 75
98 63 260
55 90 175
80 1 136
15 14 43
34 12 59
33 22 66
78 66 217
44 78 152
63 86 197
90 168 350
95 121 280
