350
1.0 1.6 1.8 1.4 1.9
18 0 70
20 10 55
8 19 69
19 22 52
10 20 60
20 25 57
16 24 70
16 9 46
7 26 50
9 4 63
17 4 55
12 11 48
14 13 54
8 22 59
13 6 48
16 3 54
14 15 44
19 13 49
5 19 49
5 11 53
14 6 52
17 24 62
15 8 52
16 29 68
14 18 70
12 4 69
15 17 42
9 21 65
14 11 43
7 17 53
10 2 55
15 14 54
20 9 67
12 7 65
20 30 51
5 29 55
15 13 63
17 5 59
11 27 42
20 13 40
10 14 46
20 0 47
18 0 68
5 27 63
11 21 57
10 0 59
12 7 54
19 18 41
16 19 53
7 30 49
7 2 40
16 29 52
10 20 58
15 15 46
12 29 52
12 25 69
7 29 45
9 12 63
15 18 42
11 23 58
8 27 59
6 16 62
9 18 65
10 21 45
9 15 42
12 29 63
9 1 56
14 11 43
15 4 47
18 3 70
17 0 55
10 19 62
20 22 64
16 5 62
11 29 41
6 0 60
19 9 64
13 19 58
19 3 46
19 28 69
10 8 67
14 10 53
20 19 66
10 6 40
5 3 61
20 7 40
11 0 46
17 23 70
6 30 49
17 2 47
17 17 60
13 7 56
9 3 68
15 4 57
19 30 62
17 6 52
16 25 55
14 1 53
11 17 62
14 28 62
5 2 42
15 22 60
17 30 65
9 16 55
10 25 57
20 18 57
13 26 70
6 6 44
12 9 58
9 22 49
7 16 61
9 6 58
15 27 60
18 27 60
13 18 44
6 3 56
5 20 43
5 5 48
5 7 42
20 2 52
10 0 63
12 28 45
18 21 50
18 0 57
15 30 46
20 4 46
6 3 66
9 15 40
20 20 53
13 20 62
19 11 62
7 21 41
7 18 67
16 13 51
18 0 67
19 4 57
12 1 54
9 8 48
17 1 59
13 10 42
12 25 50
5 28 52
17 15 52
20 5 61
7 0 60
16 22 63
20 7 68
8 9 44
15 16 57
19 14 59
13 17 40
7 23 44
15 23 64
12 12 63
8 28 64
16 30 47
11 15 63
20 15 43
6 10 58
14 19 48
15 20 55
8 25 45
5 6 70
13 26 50
19 21 61
7 5 40
12 27 59
15 24 61
8 0 46
17 3 49
6 26 47
7 3 42
20 5 58
8 27 59
20 25 47
8 18 52
12 24 60
15 26 54
17 20 69
10 23 62
16 19 58
7 10 48
12 3 50
7 21 44
7 29 66
12 17 68
16 17 51
14 6 47
20 21 42
16 6 56
9 24 57
17 13 43
12 2 49
9 18 47
14 19 51
12 4 50
10 26 55
18 6 42
19 26 68
9 30 49
18 2 41
16 23 50
17 8 65
19 2 41
10 18 66
5 26 61
19 15 41
13 22 45
14 9 48
9 2 45
11 5 67
17 18 58
17 15 54
7 13 63
9 17 41
6 7 59
15 3 54
18 8 61
16 26 59
18 15 66
19 25 53
20 2 53
9 6 40
12 6 60
15 30 67
15 30 45
5 21 62
11 28 41
8 30 56
14 16 63
15 26 43
11 4 55
20 20 61
8 4 65
8 7 65
6 10 56
19 13 60
17 0 57
15 7 67
15 17 53
15 1 70
16 12 56
19 3 58
18 13 60
17 7 54
14 8 40
18 12 69
5 20 40
15 29 49
16 5 52
10 0 48
18 8 58
14 1 50
8 13 63
18 19 54
14 27 62
15 18 40
17 22 58
12 1 59
12 22 54
16 26 46
16 19 53
9 18 45
5 29 64
9 22 49
6 24 65
10 10 45
7 24 54
13 10 55
16 17 51
20 19 69
10 23 51
20 6 68
18 17 47
17 0 57
6 29 52
8 28 58
8 1 62
10 11 60
17 15 42
11 29 40
15 22 49
10 29 57
5 29 60
7 0 44
13 29 44
6 2 40
10 13 42
19 5 46
10 14 67
10 23 42
19 7 52
15 14 66
20 4 43
7 4 47
6 27 69
11 22 51
15 24 53
7 4 43
6 5 52
15 29 70
14 25 65
19 10 43
5 30 52
7 23 64
13 30 44
15 4 41
8 13 46
15 13 65
18 9 54
17 21 42
20 18 53
15 8 56
17 3 68
20 26 50
9 22 54
18 24 64
7 18 68
17 13 56
13 14 66
18 10 55
11 7 66
8 24 66
17 25 47
8 5 69
18 23 43
11 6 60
20 22 58
8 8 66
7 30 56
5 21 47
5 24 47
14 28 42
8 10 55
8 12 50
12 27 69
18 22 68
17 9 41
9 11 69
6 28 61
17 16 46
5 2 67
19 18 56
9 20 62
20 16 41
16 1 57
17 18 50
11 4 41
6 29 65
10 26 62
