150
1.90 2.00 2.00 1.60 1.00
84 159 281
6 11 20
13 14 36
4 3 10
88 7 174
2 0 2
81 55 216
35 39 91
14 1 23
82 8 117
81 67 225
52 9 93
35 57 101
6 2 9
69 130 231
1 1 2
72 45 161
63 107 186
18 29 54
69 77 165
75 80 197
60 85 182
65 105 189
81 6 138
25 1 40
100 37 158
57 10 102
84 95 207
2 0 2
73 86 229
90 169 281
30 14 61
47 33 102
79 123 217
57 30 112
2 2 4
98 100 243
18 34 63
64 63 175
56 34 109
92 91 223
79 147 278
91 104 225
61 72 156
49 97 177
67 48 157
73 128 267
38 66 122
24 28 57
75 114 256
24 20 50
93 51 183
25 11 51
32 34 87
36 64 116
20 29 65
8 1 11
36 72 123
26 12 60
93 3 143
89 56 214
14 3 26
78 149 283
1 0 1
16 13 44
6 11 22
73 139 260
70 49 166
99 182 343
5 9 16
73 86 188
45 56 130
5 0 6
61 52 164
22 23 50
40 2 67
52 20 90
42 3 80
6 10 17
91 3 120
35 14 79
97 194 339
52 26 93
19 31 57
83 22 149
89 20 189
21 7 34
69 129 259
85 60 195
58 105 195
8 9 22
99 49 246
72 122 260
66 71 172
59 27 116
64 39 124
26 20 62
66 60 165
40 37 91
22 2 42
58 44 156
48 34 95
67 109 194
72 76 193
89 104 239
57 74 172
69 83 196
57 102 215
66 8 113
53 97 168
81 101 260
64 100 224
52 81 148
36 15 61
16 14 45
69 60 193
97 123 300
56 71 178
7 11 24
44 45 111
84 164 325
32 24 85
46 7 71
95 24 176
81 73 188
95 14 172
3 6 11
33 23 67
49 29 97
52 28 99
9 3 17
40 74 144
13 10 34
47 54 114
30 24 76
20 36 70
88 53 196
84 134 294
87 73 231
66 109 235
26 33 75
36 32 96
67 19 103
28 38 72
73 41 162
64 18 98
64 121 246
81 110 268
93 104 253
22 2 29
