100
1.0 2.0 1.4 2.0 1.2 
90 52 209
61 81 167
56 49 131
76 18 177
29 92 188
55 40 163
81 65 209
3 12 72
91 55 156
21 25 78
13 11 50
9 75 161
51 41 171
46 67 164
70 63 185
96 60 233
17 95 204
87 24 163
29 84 199
44 66 209
24 45 143
56 58 214
27 90 183
99 38 183
99 42 168
2 96 190
22 16 126
90 56 243
57 42 103
59 21 132
25 96 184
94 64 247
97 38 144
42 21 158
65 1 145
88 80 215
72 38 156
41 30 156
67 31 115
34 40 156
87 39 147
42 84 133
76 20 136
20 36 73
64 19 120
8 55 160
76 48 184
91 44 172
44 28 153
100 85 198
36 93 161
80 83 260
46 2 76
50 4 111
34 79 143
35 53 152
23 18 53
43 43 94
14 18 93
64 58 213
1 31 92
49 19 77
6 47 140
96 47 193
77 28 156
34 85 136
17 68 118
1 11 29
42 94 174
98 1 119
13 50 73
84 5 133
21 80 187
13 94 145
13 48 152
31 92 178
86 49 191
68 18 150
46 92 205
30 67 101
3 77 135
37 62 187
13 43 153
84 47 231
26 5 109
31 81 209
100 60 250
83 74 203
84 70 222
97 38 190
14 40 149
77 89 183
15 60 119
77 55 220
41 66 149
6 98 193
81 6 127
24 11 122
76 100 188
30 99 154
