100
1.0 1.6 1.5 1.7 1.0
8 438 643
81 42 124
28 123 151
69 120 192
58 160 221
84 193 281
36 270 312
96 111 694
61 191 254
40 343 392
26 12 45
5 308 321
22 5 33
15 239 268
33 439 1165
99 179 280
89 189 290
111 4 129
34 297 348
96 472 578
58 114 189
67 178 1167
5 396 418
80 210 305
82 254 339
102 413 518
122 50 177
113 262 386
86 287 775
77 152 240
90 233 327
118 445 586
51 280 347
6 19 59
71 306 378
102 211 422
84 319 426
43 174 238
49 303 384
77 270 369
46 433 495
71 335 444
54 235 1267
105 279 402
2 297 318
109 422 547
102 293 437
97 341 442
65 111 188
113 273 602
84 371 472
104 240 368
139 44 198
65 229 311
126 383 539
2 266 278
83 170 994
122 346 517
101 96 204
156 324 489
78 246 346
118 47 203
109 140 277
123 377 1056
105 60 173
133 334 468
7 352 381
70 100 199
71 120 226
115 386 519
152 383 676
125 304 474
87 418 534
139 182 362
100 261 430
122 391 531
166 387 577
1 38 888
90 80 213
115 414 591
87 214 304
91 350 453
89 257 385
131 332 471
109 21 384
174 367 614
140 262 437
141 128 346
7 109 201
134 134 298
177 214 402
141 320 613
179 390 643
180 370 595
102 163 278
194 297 496
180 221 469
188 324 600
127 87 996
5 139 161
