150
1.00 2.53 2.35 1.19 2.84
95 19 191
83 11 143
51 98 227
54 96 174
69 45 170
4 76 214
41 26 79
49 63 224
25 77 127
34 83 134
91 77 221
65 16 101
46 9 204
87 60 190
97 95 232
8 1 149
76 54 163
72 45 142
84 49 244
65 82 160
40 9 97
40 88 228
42 39 105
78 73 207
12 93 123
31 29 130
69 21 182
10 15 108
55 88 194
36 34 86
84 90 222
54 35 185
69 26 135
29 60 129
2 43 102
40 42 199
76 71 246
46 58 210
25 38 92
97 13 231
14 46 140
68 34 146
71 15 176
76 41 196
42 57 185
90 72 167
91 39 162
96 94 191
85 4 166
22 36 107
78 40 193
82 93 241
34 33 147
48 95 159
29 4 217
34 65 133
45 45 151
44 72 236
32 16 179
58 34 220
84 98 234
43 82 161
27 74 120
81 89 192
15 50 209
86 67 226
87 31 193
61 25 171
57 34 96
62 28 242
18 57 169
10 99 242
37 50 180
77 7 229
2 76 228
75 93 226
50 39 128
61 30 223
31 100 232
21 92 157
36 99 172
30 88 150
44 69 143
50 84 151
48 59 183
67 29 187
80 96 233
53 0 237
47 20 214
81 38 244
93 13 107
61 4 85
75 44 148
42 24 97
49 29 139
27 24 164
63 50 193
91 27 153
56 61 210
30 42 82
45 86 174
67 88 176
92 82 250
26 93 230
95 7 143
22 58 116
32 34 148
56 15 90
51 79 210
64 66 188
93 3 227
30 0 127
13 79 209
13 95 150
54 70 168
82 57 218
91 67 228
80 61 240
17 31 152
43 42 173
95 5 223
80 25 158
9 84 250
5 82 240
10 85 190
18 10 167
45 23 198
48 46 186
40 27 139
86 42 167
100 83 209
61 60 181
27 45 226
74 66 217
15 27 214
25 54 199
8 81 205
53 10 201
74 87 172
97 16 240
35 1 73
25 59 175
73 87 245
57 11 143
65 21 97
6 76 198
3 16 35
5 90 140
86 19 207
52 21 168