350
1.2 1.0 1.9 1.8 1.8 
62 790 863
27 703 763
9 939 982
7 326 355
78 981 1096
94 894 1002
42 209 257
6 724 760
20 283 350
40 310 352
19 271 307
4 885 934
30 452 511
18 705 725
25 161 187
55 740 812
65 306 417
53 863 943
55 675 772
92 737 877
66 246 360
44 429 482
47 664 750
54 675 777
73 72 195
71 877 957
32 168 214
41 217 299
25 727 763
20 430 477
65 159 246
11 917 932
17 848 870
35 748 821
33 834 914
7 321 376
31 733 770
5 275 303
12 883 915
100 609 740
16 946 1009
95 549 666
45 185 233
2 196 224
4 911 952
9 242 279
49 147 219
32 752 815
44 130 223
80 245 365
7 441 471
20 491 546
100 691 816
99 304 412
10 369 421
37 384 435
75 62 153
29 626 661
29 20 61
84 228 350
77 7 121
45 914 984
6 314 348
41 673 742
1 342 363
39 633 699
14 273 297
55 537 624
7 839 882
87 22 114
76 188 267
61 592 692
52 640 740
31 884 958
75 211 305
94 143 287
60 529 597
3 519 532
2 506 515
53 256 315
10 616 676
54 725 787
15 506 556
58 749 820
36 325 407
23 205 276
30 546 599
61 553 635
27 884 921
52 204 260
70 703 789
88 837 946
49 823 879
95 911 1050
5 251 281
18 545 597
63 93 167
17 920 971
56 45 131
45 790 841
15 984 1005
86 145 261
9 121 175
90 108 220
13 324 359
3 132 164
25 93 161
92 35 142
12 81 108
26 837 911
32 444 489
60 602 685
74 931 1025
88 224 348
65 843 925
96 337 459
23 793 855
87 754 875
100 353 454
67 867 973
20 940 1005
100 556 684
76 3 87
74 935 1043
82 260 368
77 730 843
18 66 124
52 912 1003
98 415 543
89 31 130
6 894 944
61 265 353
54 130 220
81 450 576
26 848 906
88 204 298
44 992 1083
34 931 1007
24 127 176
81 30 159
68 29 144
3 761 811
14 585 620
83 653 770
11 180 192
59 287 382
7 879 904
15 259 295
86 340 434
88 879 1016
56 35 96
57 662 768
1 362 376
73 715 793
87 650 777
34 74 158
29 282 350
60 606 695
7 424 474
4 421 472
23 998 1049
76 814 927
68 144 260
68 901 1015
12 878 898
52 742 808
45 348 426
40 939 988
5 267 322
37 2 79
84 91 202
43 293 352
53 829 916
8 511 523
34 509 586
40 220 285
61 898 1005
76 468 550
72 313 404
29 6 41
78 174 259
80 822 914
100 911 1030
7 399 455
80 163 251
44 124 172
87 6 97
77 287 378
74 319 394
90 617 744
35 187 235
60 332 413
3 820 858
29 994 1051
39 139 205
69 469 563
92 897 1034
95 225 331
13 998 1047
20 710 745
86 766 870
96 137 252
36 43 123
14 540 592
68 100 188
2 1000 1003
67 686 783
59 859 925
95 664 765
78 146 259
57 711 782
86 128 245
7 164 186
80 966 1064
1 211 235
25 289 363
32 61 99
80 462 569
21 182 240
95 293 438
7 115 136
12 694 725
87 853 955
18 881 944
73 887 1004
14 518 556
51 734 813
90 393 519
87 398 503
86 163 272
36 624 682
58 452 553
56 967 1058
45 88 134
7 664 721
37 762 832
41 716 777
26 600 636
82 967 1075
81 164 250
8 314 340
14 936 955
22 969 1007
86 747 834
37 25 68
49 398 471
49 840 930
16 711 729
55 728 798
21 223 287
26 407 437
80 724 830
68 210 313
49 117 185
62 864 959
49 899 985
70 70 149
22 463 516
46 10 85
52 289 350
90 398 527
73 193 306
92 25 166
72 723 812
67 407 502
27 977 1005
23 996 1062
2 93 99
65 367 449
19 589 633
61 462 571
10 781 834
30 760 809
48 815 907
5 571 601
73 613 720
22 699 756
91 885 1009
26 395 423
64 670 741
18 40 98
76 343 429
33 600 683
8 958 970
22 136 191
7 207 237
100 687 796
85 9 120
68 90 197
75 1000 1095
6 93 149
85 308 410
28 878 951
18 980 1001
61 361 467
87 882 995
79 423 550
56 605 683
46 424 509
74 972 1086
85 538 660
73 53 147
76 763 887
99 205 340
71 901 1008
44 76 125
26 427 502
99 117 222
59 526 622
7 972 989
75 487 610
67 630 716
77 893 973
67 43 159
12 543 557
37 236 298
53 176 274
70 801 895
55 186 273
80 327 452
14 345 383
2 642 685
61 782 867
8 55 79
67 268 381
15 681 697
7 609 644
99 286 403
47 822 915
40 412 483
73 87 164
81 647 758
55 168 242
87 485 573
22 504 566
20 705 740
54 142 222
18 966 1016
71 129 203
21 452 509
97 413 537
75 950 1063
47 440 505
28 444 503
30 167 222
66 64 164
70 573 680
56 451 509
97 650 762
46 1 79
