350
1.33 1.31 1.0 1.68 1.75
264 192 733
192 733 926
733 211 945
211 712 924
712 266 979
266 220 930
220 930 1151
930 762 1693
762 305 1068
305 380 782
380 782 1163
782 557 1340
557 678 1236
678 660 1339
660 177 838
177 585 763
585 627 1213
627 38 666
38 167 206
167 50 481
50 481 532
481 184 666
184 504 689
504 2 507
2 472 851
472 851 1324
851 781 1633
781 302 1084
302 212 837
212 837 1050
837 443 1281
443 494 938
494 419 914
419 154 980
154 980 1135
980 898 1879
898 636 1535
636 857 1494
857 459 1317
459 196 656
196 108 305
108 13 941
13 941 955
941 853 1795
853 670 1524
670 337 1008
337 137 475
137 332 470
332 162 495
162 62 225
62 32 275
32 275 442
275 442 989
442 989 1432
989 496 1486
496 637 1134
637 551 1189
551 850 1402
850 788 1639
788 608 1397
608 734 1343
734 388 1123
388 584 973
584 760 1345
760 873 1634
873 11 885
11 673 685
673 247 921
247 288 725
288 725 1014
725 710 1436
710 451 1162
451 506 958
506 286 793
286 274 871
274 871 1146
871 223 1095
223 622 846
622 577 1200
577 252 830
252 241 720
241 720 962
720 956 1677
956 883 1840
883 690 1574
690 623 1314
623 500 1124
500 811 1312
811 538 1350
538 518 1057
518 897 1416
897 198 1096
198 102 301
102 5 821
5 821 827
821 689 1511
689 237 927
237 841 1079
841 836 1678
836 81 918
81 48 695
48 695 744
695 321 1017
321 920 1242
920 432 1353
432 674 1107
674 429 1104
429 661 1091
661 558 1220
558 435 994
435 549 985
549 939 1489
939 492 1432
492 187 997
187 997 1185
997 366 1364
366 979 1346
979 466 1446
466 329 796
329 379 763
379 763 1143
763 462 1226
462 338 801
338 200 951
200 951 1152
951 845 1797
845 158 1004
158 798 957
798 83 882
83 204 868
204 868 1073
868 230 1099
230 965 1196
965 775 1741
775 142 918
142 631 774
631 20 652
20 343 364
343 272 616
272 326 599
326 284 846
284 846 1131
846 844 1691
844 319 1164
319 834 1154
834 214 1049
214 339 595
339 595 935
595 635 1231
635 630 1266
630 532 1163
532 785 1318
785 907 1693
907 600 1508
600 255 856
255 113 444
113 444 558
444 428 963
428 963 1392
963 391 1355
391 985 1377
985 840 1826
840 188 1029
188 650 839
650 802 1453
802 581 1384
581 739 1321
739 527 1267
527 404 932
404 904 1309
904 221 1126
221 354 576
354 542 897
542 243 786
243 517 799
517 799 1317
799 39 839
39 191 493
191 493 685
493 6 500
6 383 830
383 830 1214
830 483 1314
483 407 991
407 991 1399
991 893 1885
893 215 1109
215 325 849
325 849 1175
849 624 1474
624 953 1578
953 548 1502
548 401 950
401 505 907
505 519 1025
519 700 1220
700 411 1112
411 205 617
205 52 258
52 116 521
116 521 866
521 866 1388
866 936 1803
936 29 976
29 976 1006
976 654 1631
654 971 1626
971 947 1919
947 815 1763
815 185 1001
185 259 445
259 376 793
376 793 1170
793 315 1109
315 610 926
610 562 1173
562 246 809
246 648 962
648 962 1611
962 63 1026
63 863 927
863 714 1578
714 427 1142
427 43 471
43 126 510
126 510 637
510 57 568
57 498 556
498 487 986
487 291 779
291 701 993
701 422 1124
422 553 976
553 715 1269
715 776 1492
776 864 1641
864 983 1848
983 949 1933
949 430 1380
430 385 816
385 507 893
507 410 918
410 831 1242
831 344 1176
344 764 1109
764 21 786
21 384 599
384 599 984
599 544 1144
544 131 676
131 323 686
323 686 1010
686 999 1686
999 758 1758
758 657 1416
657 838 1496
838 292 1131
292 287 616
287 616 904
616 709 1326
709 436 1146
436 996 1433
996 891 1888
891 397 1289
397 737 1135
737 497 1235
497 865 1363
865 925 1791
925 794 1720
794 919 1714
919 387 1307
387 561 949
561 405 967
405 239 895
239 895 1135
895 903 1799
903 901 1805
901 988 1890
988 694 1683
694 705 1400
705 482 1188
482 208 691
208 1 372
1 372 414
372 414 981
414 981 1396
981 35 1017
35 418 454
418 318 859
318 859 1178
859 754 1614
754 183 938
183 238 618
238 618 857
618 638 1257
638 994 1633
994 727 1722
727 744 1472
744 717 1462
717 823 1541
823 523 1347
523 597 1121
597 768 1366
768 16 785
16 228 245
228 30 937
30 937 968
937 71 1009
71 446 796
446 796 1243
796 590 1387
590 495 1086
495 22 518
22 203 855
203 855 1059
855 906 1762
906 439 1346
439 829 1269
829 824 1654
824 719 1544
719 449 1169
449 128 578
128 179 308
179 118 298
118 59 448
59 448 508
448 206 655
206 217 424
217 127 356
127 356 731
356 731 1088
731 633 1365
633 478 1112
478 107 586
107 64 732
64 732 797
732 671 1404
671 938 1610
938 313 1252
313 99 413
99 89 473
89 473 563
473 240 714
240 258 970
258 970 1229
970 995 1966
995 408 1404
408 611 1020
611 357 969
357 53 463
