150
1.40 1.70 1.10 1.60 1.00
88 62 207
98 76 209
49 34 99
50 91 154
27 51 92
32 12 60
95 141 294
80 126 277
81 136 272
13 21 42
6 3 10
28 11 59
45 11 94
64 105 183
31 58 111
100 195 331
7 14 26
49 50 125
99 134 270
24 28 67
41 2 70
1 1 2
83 95 235
97 162 349
23 21 55
23 17 44
59 112 213
78 87 240
8 2 13
81 97 194
4 1 7
60 24 142
94 155 304
10 9 21
40 11 63
61 34 148
50 34 103
26 41 81
85 27 177
8 5 19
48 45 105
63 42 156
44 34 117
76 37 131
57 77 167
85 137 258
73 51 142
12 7 24
20 39 72
16 9 32
69 52 137
17 25 54
40 42 121
33 3 44
18 14 47
32 43 104
52 41 118
90 163 295
30 13 55
38 26 90
41 37 97
50 67 152
87 104 223
80 73 169
17 23 48
11 13 30
4 8 14
6 2 11
11 14 28
64 110 214
46 34 100
72 111 233
2 1 3
50 79 143
44 15 98
87 135 264
53 31 102
32 3 64
92 121 254
42 71 121
67 97 183
43 81 166
70 140 229
80 29 144
19 8 45
1 1 2
36 42 86
52 24 115
56 21 130
55 16 114
72 129 223
97 90 264
13 16 36
15 10 28
57 69 163
98 117 293
39 63 135
50 86 173
94 82 238
82 49 176
84 22 178
46 87 157
71 16 117
46 45 135
25 24 54
65 129 214
77 53 168
29 12 63
57 65 177
22 30 62
18 15 37
10 14 31
3 0 4
27 24 70
55 87 188
6 3 11
75 108 227
90 39 161
15 30 50
2 2 4
77 94 208
52 41 113
41 50 103
35 0 67
74 137 269
34 27 85
63 40 147
53 104 186
53 40 135
48 72 157
51 34 130
29 47 91
10 8 25
88 78 236
71 27 130
59 116 219
9 2 19
52 88 189
45 87 163
15 20 40
60 111 211
17 30 52
20 17 52
45 81 149
7 10 23
55 27 120
83 135 279
41 59 113
11 15 36
69 108 226
