250
1.0 1.3523595879420964 1.5550281850458338 1.6172956440800696 1.5574761779853068
103 1629 1760
106 2168 2281
78 2313 2438
98 2568 2694
112 393 508
103 307 428
88 378 481
104 640 765
91 876 1018
112 2191 2331
79 819 915
91 2822 2960
119 1055 1212
91 2535 2647
84 1207 1324
121 3246 3371
112 575 738
71 1197 1306
84 1226 1322
70 640 768
96 856 1018
110 1171 1319
88 2507 2601
90 735 853
102 579 761
95 648 753
77 1986 2124
75 325 405
86 1151 1284
95 2731 2845
84 2320 2430
87 42 166
77 1513 1652
113 1180 1324
105 2804 2941
69 923 1002
94 1974 2068
108 3686 3801
81 1741 1867
97 3427 3543
106 2216 2352
139 2946 3121
114 2041 2183
86 2460 2574
86 2375 2469
107 1019 1128
121 1194 1316
100 2268 2392
105 1521 1709
120 87 247
90 2660 2758
97 1178 1278
106 2622 2779
70 2249 2339
87 1202 1293
79 1535 1617
131 1400 1561
104 3478 3612
89 687 805
126 426 599
54 3585 3672
104 1034 1201
92 2334 2449
93 236 359
135 878 1026
89 731 882
93 184 284
108 3433 3568
109 1053 1181
84 2907 3056
86 1132 1285
116 2492 2634
98 2472 2599
103 1582 1723
105 1436 1585
105 2362 2503
67 2159 2250
105 224 364
80 1017 1131
116 744 895
87 254 348
95 1789 1900
95 2767 2889
105 2304 2454
83 889 982
115 1464 1607
95 2045 2155
115 1111 1301
161 1634 1808
87 2870 2964
104 2330 2443
94 1993 2103
116 1351 1510
86 2251 2339
98 1374 1496
96 1524 1624
120 570 717
105 668 800
92 1542 1681
155 1142 1300
106 1511 1669
92 1343 1452
116 1998 2147
118 1824 1965
82 2380 2489
99 1642 1767
98 953 1068
120 1352 1514
97 229 340
81 1235 1347
105 1114 1246
131 1246 1430
85 1041 1158
96 704 804
107 2000 2136
132 261 398
117 28 196
122 1482 1655
105 564 682
88 3282 3422
74 282 403
96 1345 1455
115 313 447
90 417 543
99 67 203
110 2195 2323
105 2281 2398
84 449 595
106 973 1141
74 1580 1717
107 3736 3856
100 1334 1452
89 1665 1779
90 93 214
70 285 382
103 5301 5435
115 1215 1350
72 766 861
73 2163 2255
80 323 418
86 884 971
86 4079 4172
129 2497 2661
95 6302 6398
125 2157 2313
90 853 949
79 1012 1097
90 2905 3017
126 2227 2367
76 1517 1623
110 2550 2670
94 390 488
126 319 472
88 2713 2843
69 1703 1795
106 249 365
95 2938 3038
131 599 774
94 969 1087
105 855 1045
138 4149 4289
114 3010 3167
73 1725 1808
67 4004 4092
93 3147 3282
101 1897 2047
122 2854 3062
115 3135 3264
86 18 139
75 1729 1808
115 763 916
93 1140 1303
113 2956 3107
91 4955 5104
117 1995 2126
91 598 728
93 1294 1426
105 4333 4469
84 957 1088
86 1135 1272
105 3038 3157
101 1808 1925
105 538 668
148 862 1017
119 1974 2102
103 311 430
93 339 469
71 3475 3553
140 2154 2306
97 1775 1890
78 886 1000
83 124 227
86 1841 1961
98 1521 1684
93 2536 2686
69 1200 1280
108 779 890
109 2905 3065
91 1404 1530
90 1278 1394
96 2779 2879
109 2517 2663
138 656 805
85 3210 3325
66 742 839
63 1298 1384
124 143 302
102 217 355
120 297 424
111 411 558
115 1733 1866
75 888 1012
91 1629 1730
123 247 414
105 1247 1390
79 997 1083
88 2228 2360
100 999 1112
97 1452 1558
106 2950 3107
92 2725 2847
115 234 382
91 265 372
86 569 715
84 1333 1423
94 1904 2002
95 1051 1194
120 2034 2194
89 978 1072
96 1495 1596
111 1686 1888
100 1071 1187
105 541 646
82 229 353
76 98 182
119 1799 1939
97 1293 1405
101 1961 2068
113 94 211
136 52 222
127 1880 2041
67 267 334
122 935 1081
89 1774 1891
109 2770 2915
82 1005 1100
111 464 614
112 1743 1867
109 2182 2292
82 412 514
