300
1.00 1.91 2.14 1.77 2.61
56 77 146
90 82 215
1 10 248
48 16 199
1 84 137
53 87 231
33 10 210
16 99 125
24 1 244
14 22 184
95 48 184
80 25 222
10 71 82
67 51 195
64 89 194
6 24 181
87 12 188
96 39 149
17 84 190
69 77 250
26 52 185
88 13 144
87 33 249
29 61 229
28 79 144
37 9 61
43 62 159
61 64 132
60 41 138
57 35 124
54 64 122
81 7 109
53 81 142
77 2 144
28 32 203
73 84 222
61 61 179
26 93 147
33 80 160
74 80 225
20 21 154
15 29 241
80 46 144
32 63 186
21 66 148
28 74 180
39 57 137
78 25 197
53 93 187
74 23 174
16 14 76
44 73 245
87 56 235
89 75 198
95 36 142
60 51 173
78 5 247
47 17 245
58 19 175
12 19 229
57 32 127
47 79 151
61 72 231
62 43 229
77 43 120
41 28 250
10 52 177
2 14 123
54 50 151
61 86 149
26 48 243
12 43 194
66 48 208
51 2 65
80 35 244
64 20 90
88 61 195
12 50 172
100 0 246
97 17 153
12 15 80
16 73 129
6 93 159
8 48 212
52 2 181
99 90 249
26 4 191
38 59 192
36 64 144
76 88 218
64 17 162
28 44 212
91 73 233
39 86 173
73 70 145
60 21 198
27 48 242
19 22 196
54 21 187
21 97 179
13 71 153
70 83 225
48 56 135
11 79 242
17 81 186
61 42 185
75 33 108
54 56 207
41 53 221
52 18 190
79 33 184
29 80 161
62 54 130
91 84 197
80 12 124
93 6 130
59 4 231
37 40 222
100 65 191
99 42 242
38 67 171
12 87 157
63 81 248
72 72 230
74 36 149
53 47 212
58 39 107
76 74 209
44 67 213
59 90 190
84 20 235
36 71 150
53 33 167
62 80 239
33 39 235
7 87 140
58 29 140
36 79 159
99 36 208
74 45 181
34 21 175
37 84 220
68 78 149
37 89 235
58 35 149
75 51 135
5 5 234
28 62 152
70 22 102
34 49 176
47 87 239
26 58 182
17 39 130
55 24 165
63 31 210
26 77 125
53 13 109
34 26 225
81 33 140
79 27 217
37 28 191
60 30 248
69 91 198
42 80 172
73 97 195
23 21 185
89 20 189
70 88 158
69 11 129
71 79 186
3 72 83
69 18 145
96 38 213
11 52 198
81 42 209
65 53 149
71 54 168
92 76 225
58 33 123
11 68 216
24 20 145
33 16 121
52 66 233
89 42 136
98 58 234
28 90 238
21 95 171
83 50 231
9 57 132
53 11 149
87 74 187
44 62 159
67 45 165
4 81 142
98 57 168
56 82 187
9 47 196
51 44 120
30 52 249
80 50 237
23 27 113
84 83 178
40 88 194
53 8 246
65 37 231
56 54 246
23 13 223
9 38 226
25 95 205
53 11 240
66 22 214
71 51 227
16 9 104
28 67 197
38 4 76
83 1 237
10 19 211
41 42 172
12 38 56
33 11 77
58 65 234
81 11 190
67 75 162
28 58 154
59 24 97
96 24 242
40 24 164
52 75 127
67 63 150
56 20 243
60 84 220
92 95 203
97 95 232
63 54 123
17 4 188
55 61 237
38 3 249
67 8 206
93 37 166
83 31 200
75 92 186
27 53 220
7 29 172
87 25 165
73 52 141
1 4 159
6 78 143
91 28 141
16 16 191
25 31 137
44 49 226
32 83 194
47 65 129
45 9 214
47 28 111
50 63 143
57 49 210
73 13 206
87 64 160
59 96 193
70 32 173
76 71 214
50 65 144
48 81 148
10 72 179
41 77 123
40 55 110
49 45 125
37 6 72
7 6 75
93 81 225
62 45 226
57 82 243
53 12 176
41 35 181
73 17 183
14 75 99
9 54 209
26 44 230
10 44 134
92 21 219
100 35 150
99 69 200
41 44 205
98 78 232
53 66 198
74 12 174
100 50 177
68 88 219
23 76 226
92 49 148
32 88 130
34 56 177
73 14 127
4 99 202
78 40 166
60 34 123
99 3 153
13 19 234
71 35 154