400
1.5 1.0 1.2 1.7 1.4 
7 610 655
79 561 661
28 194 272
27 461 500
9 360 418
77 675 775
9 379 401
23 482 550
58 540 646
80 572 686
50 811 884
8 1 38
52 228 329
60 508 586
25 393 448
36 7 55
91 193 293
62 165 262
82 521 611
44 239 296
57 323 406
29 355 419
3 128 153
47 781 832
7 789 838
26 400 463
69 538 633
21 947 974
79 171 281
35 774 837
2 763 766
38 18 57
61 747 858
41 410 466
74 882 958
12 933 964
42 559 603
19 781 801
16 108 136
55 416 502
69 817 916
2 191 217
30 466 509
77 103 212
53 128 183
17 720 778
49 941 1028
59 35 122
78 477 571
27 336 382
92 661 803
95 903 1000
42 343 427
84 40 133
28 433 486
11 929 972
5 290 325
90 632 757
44 851 923
35 547 611
79 763 846
51 161 218
41 8 69
28 959 998
3 285 294
13 529 572
48 234 320
53 917 1007
100 370 512
59 637 714
45 230 276
66 382 465
22 538 583
19 949 981
55 803 861
74 401 523
84 892 1021
15 77 136
91 213 314
6 261 271
76 39 131
46 571 648
24 286 332
94 96 191
6 874 919
75 701 804
35 486 554
23 148 208
17 746 796
60 233 309
86 344 444
38 492 577
48 346 428
25 589 640
9 628 656
94 995 1117
63 660 740
14 42 93
97 619 765
50 547 644
34 883 965
9 710 746
70 821 906
100 396 545
18 898 934
87 584 681
20 408 439
90 481 605
98 651 785
74 217 335
17 550 586
80 963 1057
42 66 134
64 562 650
74 812 914
98 43 144
16 84 135
24 8 70
32 256 302
90 789 912
31 408 477
5 811 821
93 300 408
60 511 588
66 435 505
94 347 481
10 936 956
5 311 329
49 99 152
69 373 472
49 323 379
14 441 468
19 406 431
20 216 254
53 489 562
65 60 148
7 730 750
44 310 384
79 996 1084
98 447 570
34 277 360
64 930 1032
19 739 800
71 117 235
39 502 567
88 85 201
24 40 104
47 946 1013
29 917 994
36 23 84
94 673 802
41 909 967
74 263 353
7 586 640
70 175 246
1 129 143
80 800 911
24 464 516
24 339 404
20 436 458
85 165 286
96 323 445
71 805 906
57 820 912
55 231 332
56 622 699
75 666 768
62 446 539
44 406 458
85 340 466
7 642 664
15 246 301
9 16 74
22 17 87
1 389 401
44 529 575
48 1000 1079
50 634 726
43 785 836
90 114 232
99 241 373
58 907 1012
2 480 491
82 48 150
39 548 588
77 768 895
85 455 564
37 577 658
94 617 759
54 814 875
86 886 1000
96 175 301
66 150 218
94 624 721
80 317 432
68 189 270
63 369 450
41 927 1000
11 701 743
95 853 991
46 835 888
73 361 435
18 312 335
27 13 52
87 550 659
73 740 820
46 845 941
27 654 701
23 550 598
57 869 954
21 599 659
66 527 637
85 86 189
56 787 869
82 230 361
57 511 597
8 991 1024
42 470 521
2 764 789
38 878 920
25 393 460
68 644 721
53 428 516
47 863 938
84 747 846
47 639 727
100 265 398
36 254 314
12 111 171
100 433 564
46 351 400
94 176 302
81 364 464
21 928 981
41 77 154
4 906 950
51 995 1051
28 127 203
21 26 61
80 863 981
39 83 164
22 280 326
24 52 120
62 754 834
50 642 719
15 998 1037
8 892 938
67 653 766
57 679 782
87 384 473
23 187 240
63 327 434
75 573 662
93 468 580
2 412 423
67 561 677
22 397 457
25 757 798
35 165 231
67 342 412
89 493 590
60 109 177
19 459 501
22 936 959
9 12 51
99 137 278
14 866 928
74 456 550
45 616 703
43 396 460
31 64 143
89 907 1021
69 540 646
82 6 127
13 511 565
38 916 958
46 80 138
88 227 319
29 145 196
69 623 700
1 66 80
89 302 432
10 666 698
87 412 540
59 431 522
23 396 444
6 332 343
87 447 581
53 999 1067
44 721 791
13 7 35
82 838 967
91 552 654
9 646 687
15 37 102
93 467 587
27 699 760
41 174 228
51 71 132
88 929 1059
52 785 840
98 358 500
7 258 281
61 452 537
78 53 169
22 339 392
68 838 944
51 829 888
69 865 956
50 207 268
74 491 566
49 471 524
72 122 238
14 953 986
82 962 1052
31 843 882
80 602 684
48 384 441
70 335 437
8 733 771
15 192 210
46 976 1029
87 182 295
11 12 47
13 861 920
25 842 912
55 662 766
92 760 854
12 606 663
13 552 584
29 724 783
17 407 463
55 828 898
94 317 443
80 17 116
41 27 105
31 570 633
54 906 962
90 395 502
76 926 1015
53 877 950
98 747 885
55 382 465
81 969 1097
34 384 441
11 315 327
84 537 635
73 63 153
45 598 673
75 693 773
57 326 417
45 68 148
47 296 367
36 270 310
40 50 103
95 632 745
42 657 728
37 205 246
16 472 525
18 80 146
19 949 979
57 962 1027
98 254 378
52 914 990
75 142 247
87 448 563
23 547 588
79 182 303
23 695 741
84 788 921
28 830 888
77 168 253
24 556 618
83 806 896
21 48 72
66 85 194
90 292 387
94 702 814
13 595 624
14 673 720
6 71 116
13 968 1016
22 790 852
17 830 863
31 640 706
84 71 204
75 374 454
20 3 56
7 465 473
30 759 819
47 553 644
61 321 386
86 141 234
96 459 576
42 270 348
43 496 588
36 248 307
86 290 377
50 841 926
41 403 465
