250
1.0 1.2 1.3 1.7 1.3 
22 70 99
34 38 96
22 68 128
8 33 100
39 51 112
46 32 312
24 115 192
22 94 273
4 35 105
5 41 47
24 59 186
20 23 168
27 77 266
2 28 42
38 68 118
25 83 276
16 4 73
37 55 109
28 90 142
38 64 103
13 13 65
10 49 94
44 78 179
33 35 78
30 84 287
13 15 149
20 6 62
3 48 65
31 52 94
5 41 91
17 2 50
4 42 52
33 57 95
49 87 302
31 36 71
29 59 262
7 45 67
31 66 99
22 75 142
37 64 126
27 115 207
20 18 131
4 42 107
46 78 290
44 30 260
33 52 107
35 54 97
37 29 75
10 35 116
20 2 45
13 9 135
48 123 262
6 49 128
36 46 84
39 45 109
22 69 195
28 119 264
4 39 98
33 30 77
45 163 299
3 34 61
28 90 139
31 53 95
12 2 102
28 77 140
47 153 221
48 168 400
49 66 140
8 45 70
17 24 92
36 47 92
2 26 69
14 22 129
27 94 199
41 63 206
37 73 128
30 78 264
32 58 99
27 84 181
32 64 105
16 25 55
2 42 95
34 28 68
9 48 57
35 51 87
38 54 105
25 60 179
15 20 114
8 43 125
6 40 89
18 7 119
19 6 103
27 62 139
44 156 450
35 48 104
37 32 93
19 14 142
33 29 87
30 54 159
46 197 430
6 28 49
35 68 114
7 44 78
45 22 71
14 11 113
23 107 130
45 129 185
46 181 407
42 167 374
34 34 72
4 49 62
26 109 178
22 77 108
5 40 112
11 22 103
39 44 98
10 48 62
48 46 104
36 72 125
48 103 287
2 28 34
26 110 243
32 30 86
1 43 47
21 51 181
21 121 190
11 21 58
37 42 86
27 74 201
8 28 71
29 74 223
15 1 90
40 44 87
45 141 210
17 20 87
49 57 330
21 121 174
19 16 79
18 11 71
12 3 90
24 91 252
18 3 123
26 97 250
40 63 108
35 35 72
9 38 88
48 113 318
34 52 105
3 36 53
38 40 96
20 0 61
9 41 72
21 84 190
48 4 276
26 94 218
27 88 157
37 29 90
46 76 130
24 106 205
40 60 108
35 73 110
18 4 81
8 32 77
31 55 101
30 105 303
6 31 43
30 78 264
39 64 105
39 37 81
8 29 53
3 37 54
13 2 96
44 174 299
43 89 294
11 21 35
43 142 246
31 73 113
43 83 326
12 22 130
15 0 100
1 26 41
34 51 100
2 48 120
43 2 72
23 125 154
21 121 274
34 60 111
12 25 112
35 44 95
1 40 88
37 52 92
38 60 98
41 29 218
11 25 109
25 58 120
26 72 203
13 16 120
49 106 159
44 123 167
11 24 113
33 53 93
22 100 262
25 66 208
11 22 72
34 40 95
4 42 82
12 2 42
49 0 61
6 40 118
15 2 77
47 117 343
5 43 61
4 46 54
8 41 54
18 12 152
37 48 108
22 108 208
42 171 256
36 26 66
18 22 71
18 20 107
46 95 325
24 57 147
28 116 286
29 86 269
45 91 242
35 31 74
39 30 73
48 89 215
7 34 58
21 123 274
31 44 92
43 146 282
21 111 186
22 103 199
39 75 120
9 50 100
41 119 276
25 62 98
37 65 103
5 44 91
16 1 122
6 47 75
17 12 55
33 61 105
4 25 49
43 89 147
32 67 117
9 28 52
24 70 207
