150
1.0 1.5 1.5 1.1 1.8
8 29 60
12 22 50
14 2 43
20 24 57
5 21 62
5 20 51
19 16 63
5 20 42
12 8 58
16 17 43
13 23 46
10 20 60
18 26 53
6 3 64
7 2 68
20 7 54
9 18 53
5 5 57
15 17 45
5 22 47
16 21 49
13 19 62
11 23 67
20 8 64
20 27 61
20 4 43
6 20 60
15 25 54
19 21 69
11 5 42
5 28 69
13 15 54
13 20 44
7 7 52
8 14 47
14 25 56
11 18 46
9 13 50
19 8 61
18 8 55
6 23 61
7 17 46
18 7 62
18 0 50
12 14 45
10 22 57
20 29 59
20 22 58
17 17 45
9 29 50
17 22 44
14 4 67
10 12 59
15 16 44
17 26 44
13 9 67
11 8 53
11 14 40
13 27 56
10 13 45
20 9 62
16 26 56
14 29 43
7 5 56
20 2 69
17 11 57
18 24 60
7 13 54
10 3 45
5 3 65
8 9 49
14 2 40
11 10 48
18 21 56
15 9 46
17 1 42
14 6 68
19 6 51
14 0 45
16 18 45
10 27 40
6 20 62
6 1 65
20 17 40
13 30 44
7 22 69
8 15 64
15 28 43
12 22 64
6 3 67
17 0 61
16 4 48
8 26 70
11 5 53
6 7 44
17 6 40
6 7 46
7 5 64
13 8 67
11 29 46
8 16 40
17 29 57
11 13 60
9 20 63
6 10 59
15 4 40
18 11 61
18 16 53
10 22 44
13 3 60
19 18 41
15 15 52
18 15 42
12 0 40
17 29 67
12 4 53
15 21 53
15 21 46
12 8 50
8 7 41
7 13 56
7 19 64
13 5 63
14 18 53
7 27 40
12 16 48
20 28 49
8 0 70
5 29 49
17 22 54
19 15 58
10 9 45
9 15 64
17 30 55
16 8 61
6 2 55
16 3 68
8 27 49
9 0 58
7 18 56
7 15 70
16 26 69
19 20 47
17 16 70
18 17 52
11 4 52
18 22 46
20 26 50
12 30 63
19 29 62
