500
1.70 1.00 1.80 1.50 1.00
7 13 23
53 24 103
99 4 167
39 23 75
45 6 85
1 1 2
11 18 31
43 75 147
89 145 282
1 2 3
71 34 165
74 119 256
50 11 85
34 64 115
25 33 70
6 5 14
92 3 128
29 4 42
35 69 115
23 12 51
98 140 315
87 124 240
79 127 282
41 80 156
17 11 32
72 136 274
90 105 233
16 2 22
13 20 39
60 120 211
64 4 95
79 44 139
45 54 112
31 22 82
96 128 265
74 120 258
16 10 33
27 36 74
14 22 40
86 38 150
60 32 139
75 130 255
65 2 114
24 48 89
51 4 84
46 88 173
83 106 224
53 94 158
99 101 254
70 7 102
95 182 296
90 55 221
48 29 97
52 41 127
1 2 3
10 3 15
16 15 43
63 72 175
51 45 142
39 34 105
63 97 178
97 144 328
89 140 309
91 119 255
39 76 125
35 20 77
2 2 5
12 12 30
52 6 83
72 109 249
33 0 56
68 81 176
80 137 244
57 43 118
13 6 21
85 155 288
41 46 103
95 98 241
10 16 34
95 8 187
18 10 38
80 109 218
74 112 222
87 93 250
90 163 278
43 3 57
37 37 109
88 99 236
27 48 90
15 7 34
43 28 93
14 2 29
21 5 44
39 7 61
76 51 192
1 1 2
60 50 149
24 41 84
16 12 32
75 78 175
25 36 80
82 68 192
26 39 83
41 15 90
34 20 71
21 20 53
47 26 93
91 133 306
28 4 41
11 10 23
44 73 158
17 10 41
71 77 167
72 138 253
25 19 50
34 58 124
25 10 48
92 97 260
18 9 37
26 17 68
76 67 200
88 105 263
71 140 243
13 4 24
47 88 168
58 102 202
100 135 255
89 106 262
63 81 163
82 164 265
96 158 324
69 28 113
1 0 1
74 101 200
16 8 36
64 96 202
49 77 172
73 89 211
18 4 29
14 17 35
16 16 44
87 58 212
83 116 254
43 31 86
80 110 208
72 29 168
30 32 73
45 68 147
44 72 138
4 5 10
93 107 270
11 12 30
37 60 110
39 9 72
91 87 220
75 41 163
43 34 104
96 138 278
22 28 54
34 31 96
77 24 126
16 2 22
82 35 178
11 3 22
68 20 118
99 57 230
21 4 30
1 1 2
27 47 96
46 37 115
28 53 94
98 73 251
80 159 257
16 21 48
76 23 132
55 7 77
8 3 15
30 9 51
83 154 305
31 11 66
76 24 143
73 128 252
22 5 36
47 33 97
92 35 150
16 28 56
25 10 57
95 106 274
66 14 111
67 112 222
25 1 43
70 107 243
35 39 97
15 21 39
40 25 77
27 22 72
8 2 14
78 140 273
73 118 240
75 54 157
1 2 3
76 90 234
92 165 347
5 8 17
63 22 135
29 29 68
62 116 223
9 5 21
58 101 200
14 16 40
1 1 2
94 166 335
24 36 67
27 7 49
44 74 137
24 36 72
47 3 61
51 87 166
29 52 91
48 8 99
69 24 126
40 42 113
5 5 12
58 77 149
50 58 133
3 1 5
14 1 23
5 2 8
97 69 256
2 2 4
37 51 110
80 4 151
26 39 81
45 28 115
48 89 150
68 63 171
12 15 36
7 13 23
73 137 240
3 2 6
77 89 238
37 7 51
41 11 91
7 2 10
12 21 42
83 154 314
50 81 151
15 13 39
10 20 37
5 9 16
7 14 23
55 54 150
1 1 2
46 22 100
57 76 175
52 4 68
78 38 157
29 2 45
96 189 336
41 62 138
81 63 188
35 61 109
33 13 53
34 7 71
68 62 170
96 1 117
54 21 102
35 34 88
94 153 281
33 45 101
65 1 83
4 5 12
70 73 163
81 115 253
40 61 130
78 114 231
47 4 79
73 65 197
42 34 100
59 11 104
24 23 64
91 172 317
28 33 75
48 77 162
100 123 278
68 30 162
23 33 70
35 17 71
31 57 110
88 73 193
39 67 138
48 82 166
23 38 77
38 66 128
28 51 89
96 44 206
74 28 159
89 123 281
7 2 14
51 32 119
50 100 193
53 36 124
11 21 37
25 16 55
33 16 61
84 96 257
88 11 178
86 140 284
37 47 95
72 144 270
21 26 57
22 41 77
5 10 19
1 1 2
85 124 240
89 146 308
7 0 8
95 152 268
70 51 162
4 0 7
32 10 65
20 22 51
43 85 139
16 18 38
69 124 247
45 63 121
9 17 32
78 128 275
11 20 40
28 15 62
24 48 78
44 77 162
27 44 87
20 19 45
86 24 173
63 122 241
87 68 235
44 81 142
50 84 163
71 39 127
10 13 28
45 52 112
49 86 168
18 35 66
68 76 196
84 38 173
21 31 71
52 57 153
77 75 202
86 162 310
37 72 141
24 37 73
63 26 117
9 7 18
53 86 163
11 14 34
11 6 19
68 129 225
22 27 54
71 85 209
45 10 75
13 16 34
27 27 76
32 26 67
94 22 178
93 143 275
14 14 31
12 10 31
17 22 42
68 92 222
35 39 107
66 92 223
50 0 96
50 43 104
76 22 149
10 17 35
89 39 148
32 17 64
38 33 108
83 130 232
99 16 143
5 10 17
19 31 54
94 159 280
28 31 82
99 40 191
50 49 136
92 0 182
28 16 70
3 5 8
25 47 93
79 46 142
46 90 157
80 16 164
88 122 292
49 92 180
48 77 144
52 36 110
77 98 212
77 18 136
8 13 24
34 56 98
55 29 125
90 113 289
58 28 123
31 53 92
54 98 189
60 69 180
76 48 169
82 108 226
78 33 161
77 105 224
60 36 136
3 5 9
58 31 130
46 86 160
39 24 79
62 55 148
31 9 66
69 38 146
70 101 194
20 19 46
64 55 180
93 128 265
95 108 242
95 111 272
64 19 136
13 22 44
45 56 115
28 25 70
100 37 159
10 18 30
59 100 208
70 71 178
28 16 68
25 46 90
5 3 11
37 5 64
14 9 34
68 46 159
55 64 141
58 104 218
79 98 205
55 62 134
50 70 138
90 133 262
48 49 130
73 114 210
72 23 127
61 96 202
57 100 193
32 58 99
23 25 59
62 23 140
4 5 12
67 19 132
75 145 291
92 8 182
34 3 49
85 153 257
44 15 90
2 2 5
86 115 267
86 10 165
37 55 110
59 2 101
37 55 107
73 19 111
52 26 127
57 17 109
76 93 198
81 162 297
68 32 165
66 70 162
34 64 119
53 18 86
17 30 55
85 78 194
81 146 300
72 67 179
76 102 210
20 24 52
26 17 54
26 50 91
86 148 259
98 145 288
51 64 147
24 16 46
76 13 112
86 121 270
74 94 210
74 30 154
28 28 63
89 168 323
75 117 227
84 80 195
62 59 136
13 6 30
29 19 63
73 117 211
