100
1.85 1.39 1.14 0.93 1.0
749 617 1367
617 573 1191
573 388 962
388 256 645
256 416 673
416 395 812
395 563 959
563 888 1452
888 970 1859
970 687 1658
687 678 1366
678 367 1046
367 690 1058
690 696 1387
696 865 1562
865 994 1860
994 840 1835
840 743 1584
743 100 844
100 445 546
445 107 553
107 301 664
301 664 966
664 632 1297
632 602 1235
602 165 768
165 270 457
270 457 728
457 499 957
499 281 781
281 723 1005
723 176 900
176 813 990
813 266 1080
266 703 970
703 31 735
31 639 671
639 108 748
108 85 290
85 290 376
290 247 538
247 119 367
119 204 438
204 438 700
438 700 1139
700 103 804
103 655 759
655 64 720
64 48 113
48 81 130
81 129 876
129 876 1006
876 795 1672
795 267 1063
267 915 1183
915 628 1544
628 184 813
184 657 842
657 811 1469
811 804 1616
804 589 1394
589 744 1334
744 516 1261
516 140 657
140 199 548
199 548 748
548 364 913
364 906 1271
906 393 1300
393 193 947
193 947 1141
947 515 1463
515 209 725
209 721 931
721 66 788
66 229 588
229 588 818
588 590 1179
590 39 630
39 532 985
532 985 1518
985 660 1646
660 421 1082
421 6 428
6 96 918
96 918 1015
918 616 1535
616 900 1517
900 796 1697
796 685 1482
685 581 1267
581 357 939
357 17 375
17 287 305
287 56 344
56 322 379
322 235 940
235 940 1176
940 783 1724
783 634 1418
