450
1.6 1.0 1.7 1.6 1.8 
11 1662 1679
20 1669 1696
6 73 85
24 1316 1350
16 864 888
13 117 139
13 1163 1182
11 1184 1198
21 606 631
9 1715 1728
14 683 706
4 1237 1243
3 1115 1124
7 243 259
3 176 182
6 997 1012
27 1364 1400
11 384 402
20 503 532
8 643 656
4 824 835
16 1271 1293
5 699 709
20 1604 1632
18 1794 1820
29 551 588
15 1776 1793
23 517 543
25 1747 1772
15 1067 1089
23 1403 1427
12 1062 1081
6 172 188
19 209 232
9 1307 1324
25 1753 1786
21 1210 1234
23 1669 1693
16 1368 1384
27 182 209
21 783 809
29 808 844
18 502 520
4 1260 1265
24 623 654
28 1386 1415
5 1527 1539
24 1087 1116
30 1079 1111
24 1141 1168
19 89 108
5 1754 1762
3 1316 1322
16 942 968
19 1723 1745
2 397 404
29 1710 1744
25 586 619
15 1627 1651
5 125 138
8 94 107
24 1521 1545
20 1279 1305
27 1079 1116
19 970 993
6 1531 1547
12 40 59
14 1800 1817
11 192 207
23 916 940
25 17 48
13 588 607
24 347 381
15 1210 1228
23 1755 1785
26 53 86
3 1311 1317
15 554 579
10 975 991
12 347 363
6 784 800
24 767 797
15 1050 1071
18 644 666
24 1091 1118
16 565 581
14 544 566
5 1108 1121
20 1727 1750
5 995 1003
19 1340 1369
8 321 337
7 441 448
7 1174 1191
29 285 321
14 862 878
27 1579 1616
28 1012 1040
2 825 835
27 1048 1085
14 537 555
25 1527 1555
24 1152 1179
7 636 645
5 160 174
25 1187 1213
30 1509 1549
5 1064 1070
27 652 686
30 1574 1613
10 6 20
21 1424 1452
30 535 568
27 1407 1434
29 1070 1109
8 807 820
21 274 300
22 453 477
7 1754 1768
3 572 575
4 1216 1230
2 1120 1128
10 642 659
9 1769 1785
26 283 311
26 1261 1292
28 1246 1275
6 294 307
15 1571 1587
2 1382 1390
28 1029 1057
17 367 388
10 1793 1804
25 147 172
9 28 41
3 1231 1242
29 1169 1200
9 1080 1096
5 756 767
12 381 395
5 1687 1696
3 774 782
3 553 556
7 178 194
5 501 508
2 1073 1084
15 128 153
18 542 562
20 456 486
3 665 677
6 391 401
5 157 167
11 1068 1087
29 1542 1574
21 1551 1573
2 945 948
20 1565 1585
26 291 324
20 91 114
6 769 780
27 1350 1386
30 645 675
24 1089 1121
2 1714 1719
21 832 855
13 1210 1230
13 1225 1244
27 1023 1057
14 747 765
17 625 646
28 752 784
23 1214 1244
16 1139 1159
10 186 205
13 589 605
2 79 85
26 547 576
16 1591 1607
12 1636 1658
25 174 206
4 985 998
22 178 209
19 1514 1533
21 542 568
18 1128 1155
26 1000 1032
4 983 996
6 615 629
3 1774 1777
12 565 578
24 439 466
30 1482 1513
13 516 533
29 150 184
26 438 464
25 1625 1653
30 1786 1819
14 181 202
23 546 572
16 1346 1364
4 1192 1204
17 745 762
4 22 26
9 540 557
21 22 51
14 1519 1543
10 1430 1445
3 22 25
18 1226 1251
28 894 931
17 1714 1735
5 930 945
30 805 836
18 287 306
19 1058 1078
14 1655 1670
24 1473 1499
22 479 507
12 834 849
9 45 62
11 383 398
12 1725 1738
6 242 250
19 1146 1174
16 742 765
14 602 621
25 1137 1162
15 764 780
10 1622 1635
23 936 962
20 668 698
29 1391 1422
20 361 389
4 1116 1129
15 216 238
2 295 306
9 135 144
22 746 774
15 687 703
9 1754 1764
6 325 335
30 1052 1092
29 179 215
10 207 217
19 1525 1550
7 1212 1225
10 36 49
19 461 488
2 557 564
6 1562 1578
12 1299 1312
29 558 595
19 144 164
11 1321 1342
19 817 843
17 1593 1619
28 299 336
5 1698 1707
23 1068 1097
15 1695 1715
27 747 779
3 964 967
18 162 189
6 792 798
30 1681 1715
21 1258 1286
14 530 545
16 1076 1100
25 802 829
17 928 945
24 759 788
20 1036 1056
3 461 465
15 327 345
30 15 47
14 820 842
6 388 403
12 947 966
19 999 1021
2 1595 1607
11 92 104
30 1033 1069
30 442 481
7 686 697
26 190 222
22 1050 1077
18 1361 1388
15 80 103
15 949 970
4 662 673
28 1225 1253
14 984 1005
25 911 938
24 1517 1543
28 1347 1382
4 590 602
4 1048 1062
6 73 80
18 968 991
10 1102 1117
22 601 632
25 619 644
14 1467 1484
7 701 711
9 119 135
6 1231 1246
22 610 637
27 976 1009
17 1643 1660
27 1447 1475
9 81 92
16 1295 1316
10 778 792
30 989 1022
26 925 951
9 1456 1468
24 434 461
21 288 318
24 1115 1144
26 1288 1315
5 858 872
18 279 307
30 1091 1124
14 1420 1442
4 126 132
5 1534 1543
6 1572 1588
21 1535 1557
18 434 452
25 965 1000
4 1485 1490
28 784 813
4 1172 1182
13 472 495
18 1364 1385
20 336 364
14 1751 1775
25 277 302
24 1486 1515
11 563 574
9 1642 1652
13 450 464
22 425 456
18 200 222
21 116 137
12 1573 1589
23 789 814
9 1045 1058
12 1121 1141
2 1126 1129
18 273 298
28 129 157
25 1606 1633
13 303 316
6 1437 1452
19 1772 1793
30 1710 1747
19 441 466
8 335 344
30 331 361
23 839 870
6 1258 1270
6 762 775
16 1630 1656
20 519 547
9 915 929
23 85 115
24 1513 1544
14 78 100
12 1269 1284
12 1774 1791
9 1703 1715
8 1754 1772
14 1726 1745
7 68 75
14 850 870
30 9 40
19 314 335
6 521 532
23 235 260
2 1057 1068
6 547 560
28 1141 1171
21 276 307
23 1731 1764
29 0 29
14 1368 1383
22 1055 1086
24 1119 1148
16 59 84
29 1608 1640
23 534 566
7 63 72
19 1782 1802
7 1685 1695
24 1159 1183
10 628 638
13 89 111
19 343 372
6 939 954
4 840 851
25 1041 1073
11 1503 1524
29 777 808
9 1002 1021
15 38 59
15 182 206
4 1106 1111
8 939 955
11 64 84
2 1468 1480
19 1045 1067
9 194 213
13 537 558
29 357 391
25 98 133
8 1459 1472
3 875 878
21 380 411
12 293 305
6 1595 1611
8 250 268
13 1457 1477
13 1701 1714
8 423 436
13 533 551
21 1183 1205
26 1099 1130
3 701 704
11 1260 1273
23 1550 1581
19 1658 1681
14 180 201
12 695 715
3 1106 1112
5 1096 1110
22 394 416
7 706 716
10 1410 1423
16 505 530
8 6 19
4 495 507
11 1516 1531
25 1085 1113
4 1441 1448
24 663 688
24 1008 1038
23 1212 1236
4 1422 1427
20 194 218
