250
1.20 1.50 1.70 1.10 1.00
91 92 250
46 23 85
65 30 145
29 19 62
8 8 19
9 18 29
61 111 184
30 7 52
41 23 76
3 6 11
57 63 157
76 144 273
95 61 221
21 20 52
26 45 84
16 30 57
62 91 191
78 10 122
100 51 248
18 34 60
1 1 2
3 4 8
15 25 47
54 52 151
39 50 100
69 33 127
77 123 242
42 62 127
38 48 100
4 2 9
32 59 98
63 75 178
66 121 215
63 50 140
43 37 95
75 24 131
18 30 60
65 71 163
42 74 127
40 23 102
81 33 193
50 95 168
55 45 134
57 43 155
81 161 317
62 116 207
76 5 96
14 17 41
63 86 209
36 0 48
49 8 104
25 16 58
91 119 266
25 15 62
74 3 143
21 8 45
6 9 18
52 40 123
71 47 169
56 83 154
27 12 45
30 23 70
8 13 26
52 89 173
88 123 282
97 57 212
86 29 184
65 40 118
99 168 294
91 37 177
2 1 3
63 8 87
38 55 123
39 41 95
4 5 9
55 72 168
17 34 64
58 89 167
93 161 291
1 1 2
11 3 21
89 14 146
46 64 123
40 73 151
20 23 58
34 56 98
79 72 200
89 106 232
35 58 124
78 56 160
72 99 188
11 13 30
86 1 107
96 40 200
94 58 221
18 12 46
81 46 195
91 132 286
36 4 56
91 43 171
23 42 81
96 179 344
61 81 168
77 122 246
26 9 56
53 72 158
84 142 254
26 2 43
84 90 224
8 1 12
7 0 10
95 180 332
83 94 235
2 2 5
34 2 61
93 144 328
1 0 1
3 0 4
100 165 288
48 7 102
21 11 41
70 22 124
55 10 110
33 41 106
65 62 166
26 48 95
58 68 144
95 190 334
18 20 44
35 68 118
36 22 72
56 14 83
14 11 32
78 7 155
29 30 78
84 16 125
38 3 56
82 32 175
8 0 15
80 117 237
4 5 10
51 43 124
87 135 282
92 52 177
39 47 100
62 1 109
67 33 153
17 17 45
54 96 175
55 14 89
30 15 54
51 62 159
66 23 109
75 57 171
67 101 216
79 127 265
95 115 289
66 114 215
26 30 73
30 29 67
69 81 183
62 76 167
47 49 113
15 21 49
23 27 56
48 36 104
7 8 18
48 49 140
46 46 121
24 0 45
96 7 156
86 45 149
85 168 315
18 30 52
52 83 149
87 173 344
87 102 253
42 60 117
15 5 30
47 4 72
4 1 6
43 75 151
6 8 18
11 22 35
51 14 100
86 154 291
86 19 134
80 64 195
21 18 52
2 1 4
8 5 15
79 69 211
11 5 20
69 13 108
98 77 206
16 27 49
25 8 42
18 32 59
19 19 55
92 110 260
80 65 210
2 3 6
36 24 90
65 128 221
67 2 85
100 30 151
54 77 183
29 9 47
57 74 170
86 58 204
56 105 177
15 10 32
98 77 200
44 51 112
50 18 90
28 25 80
75 88 225
81 27 137
6 12 21
22 3 32
60 1 87
26 2 34
5 3 11
54 48 154
38 23 74
47 84 150
54 9 93
45 18 94
60 58 130
95 70 190
44 30 83
13 22 45
97 109 283
89 121 277
3 3 8
38 68 114
21 30 65
8 4 16
7 1 10
37 10 79
91 129 302
22 9 37
13 23 39
42 10 67
91 125 235
85 141 261
96 36 163
51 26 94
11 21 40
69 132 254
