400
1.50 1.50 1.60 2.00 1.00
14 26 43
22 1 44
27 24 69
19 11 48
34 38 104
72 17 147
100 160 280
4 6 11
21 36 64
47 62 150
63 119 219
93 175 320
73 1 101
16 10 29
20 37 65
69 16 133
51 21 90
38 62 121
4 2 7
68 86 185
45 14 88
25 1 39
8 7 20
58 77 186
91 140 263
50 1 84
50 17 81
69 34 152
38 28 89
36 31 101
74 8 100
8 2 11
13 8 29
44 77 150
88 78 225
8 0 12
61 67 186
94 52 234
42 55 114
50 85 175
23 2 43
60 116 219
32 56 102
2 0 3
9 6 23
3 4 7
26 15 52
77 72 216
55 46 130
35 67 119
30 60 111
44 2 80
76 140 237
51 66 156
74 5 152
65 55 136
23 21 58
17 32 63
63 60 165
87 117 265
85 72 224
52 56 152
91 172 319
77 135 233
3 6 10
5 6 13
80 144 241
61 69 153
54 5 103
89 68 224
15 12 40
35 8 57
42 24 103
53 30 98
30 25 70
12 13 33
75 13 117
33 23 84
63 43 158
93 11 162
85 7 140
91 24 159
7 6 18
39 63 129
54 44 126
75 62 203
38 69 121
51 56 149
19 19 49
54 71 171
84 99 234
84 147 293
65 11 107
25 46 90
98 63 252
29 38 80
63 84 209
90 34 157
7 11 22
14 28 46
31 41 93
68 39 143
92 61 207
51 59 143
71 114 212
63 22 123
30 53 104
53 79 171
43 55 140
52 104 181
1 1 2
12 24 41
89 112 223
8 13 26
30 56 101
6 8 16
53 66 165
71 8 130
32 12 61
78 11 121
86 145 262
98 169 341
30 53 109
53 71 146
98 154 335
50 31 105
20 38 63
88 27 190
13 17 38
3 1 5
25 37 67
90 98 231
95 121 248
40 17 73
85 119 265
75 76 222
65 103 217
61 57 160
63 52 130
54 66 141
67 134 240
69 102 237
65 13 138
18 2 31
41 14 63
100 49 200
78 150 298
98 162 341
45 52 133
5 1 10
63 2 95
72 21 129
11 11 24
78 85 183
47 52 122
62 56 143
49 48 131
94 58 211
73 22 112
54 64 133
68 75 199
46 13 85
65 111 205
47 62 138
36 42 111
85 50 180
42 31 83
15 9 35
90 54 212
93 27 183
28 18 70
60 77 174
58 84 161
39 2 77
98 159 278
86 50 198
1 0 1
78 148 292
16 12 35
29 49 106
78 36 161
59 103 197
52 40 104
98 89 256
8 6 20
51 61 142
56 35 139
17 6 30
12 1 24
58 10 87
45 47 108
24 22 63
81 22 151
91 97 213
35 55 119
41 56 117
93 106 274
44 74 133
80 132 248
74 128 247
35 8 72
60 5 82
31 61 99
71 69 202
53 99 202
51 60 137
26 32 77
14 7 33
44 73 153
77 11 112
58 98 193
6 3 11
26 6 52
21 33 64
6 5 15
62 121 200
81 23 144
73 43 165
46 61 147
54 83 189
20 16 51
79 61 206
35 68 131
92 178 309
91 164 298
40 72 134
2 0 3
40 19 81
58 20 103
25 13 48
47 49 135
63 117 211
38 14 81
43 60 135
61 30 111
2 2 5
80 34 171
59 6 119
88 41 212
18 11 41
72 125 249
60 72 168
70 18 132
96 98 263
41 32 111
60 31 130
4 3 9
9 5 16
3 0 4
92 160 308
35 2 56
79 47 172
97 99 224
50 13 95
65 98 193
6 0 11
93 15 141
39 34 110
11 4 24
16 30 56
97 184 357
80 66 212
63 78 158
74 59 194
23 9 44
61 1 110
15 17 40
87 167 312
8 11 24
38 58 123
16 9 34
60 56 152
66 112 217
50 66 149
79 47 147
10 16 31
29 18 54
21 20 57
2 1 4
69 38 120
85 80 204
10 6 20
87 62 222
81 75 189
85 85 248
53 33 110
44 20 105
47 61 118
11 16 35
20 2 37
96 104 254
61 27 107
67 42 141
75 133 223
48 75 164
49 49 108
61 39 138
79 20 116
33 4 60
48 9 97
96 95 272
82 101 264
49 16 79
12 20 38
19 1 28
5 0 6
86 110 243
14 19 39
69 102 210
55 40 116
32 17 66
47 9 86
62 24 117
23 31 64
96 172 288
100 108 244
91 152 312
27 44 90
40 8 70
3 5 10
59 109 188
30 25 78
70 2 105
36 22 76
49 82 158
48 0 85
63 64 171
98 149 275
1 1 2
53 91 176
45 23 81
96 103 224
78 45 145
23 0 33
56 20 112
50 97 190
24 44 80
11 18 36
34 61 126
84 108 231
26 29 75
29 3 41
58 12 95
20 27 52
17 26 56
38 15 63
18 21 45
82 112 246
34 35 92
65 126 231
77 4 99
69 75 171
71 0 86
8 5 15
79 126 221
39 43 110
62 67 164
100 160 310
51 29 102
10 16 32
47 45 134
52 90 163
54 25 101
72 70 168
72 133 275
63 82 200
5 2 11
62 20 109
81 92 247
98 28 182
70 44 179
97 30 205
75 89 195
83 149 251
75 117 252
82 90 203
42 32 94
70 111 196
6 0 10
30 4 53
48 54 132
8 9 23
71 60 188
69 47 133
54 47 140
33 14 76
69 102 234
58 16 105
16 4 35
50 89 151
65 18 132
43 67 145
46 40 120
66 36 137
5 2 10
11 17 33
35 19 63
12 21 39
64 79 164
4 2 7
