500
2.00 2.00 1.70 1.30 1.00
69 50 150
31 55 100
24 22 64
27 1 36
32 55 108
53 63 164
42 32 94
48 87 163
75 59 172
40 44 107
40 44 97
32 37 91
14 22 41
30 8 62
97 127 314
63 65 171
13 9 27
48 58 135
57 88 173
59 39 135
5 7 15
63 6 117
90 24 172
4 6 12
55 44 121
45 54 135
29 3 58
97 154 313
32 19 58
36 26 76
74 37 149
65 110 226
47 79 140
70 6 113
90 12 160
95 127 286
3 5 8
82 28 178
24 42 81
1 1 2
80 16 119
67 32 157
85 83 195
82 113 236
19 5 41
22 41 71
38 21 90
93 91 261
67 87 172
84 87 220
68 130 236
57 2 88
35 37 83
100 190 365
72 46 148
33 49 102
2 4 7
68 9 123
94 143 260
82 59 216
69 29 146
33 16 58
22 42 84
74 17 162
6 7 17
27 14 56
65 15 101
74 68 160
9 2 16
99 76 245
11 14 31
3 1 5
97 193 367
94 137 278
43 55 137
73 109 224
31 41 99
2 3 6
52 28 131
15 10 29
62 13 130
50 48 114
92 0 179
93 74 223
28 21 63
63 66 146
59 4 84
34 39 93
95 103 247
70 98 235
90 158 314
49 47 144
77 153 255
17 1 33
49 71 130
71 121 220
18 8 35
16 21 42
76 128 277
98 93 240
14 20 44
93 143 316
97 159 351
28 43 90
45 80 134
41 19 78
93 155 296
27 37 90
58 52 167
93 135 248
72 9 110
56 69 163
3 4 9
37 23 93
38 44 91
62 113 232
54 67 139
67 59 173
52 48 123
29 26 70
60 113 211
41 22 89
6 7 18
40 56 113
93 39 205
25 40 76
93 65 219
87 43 173
38 59 129
93 13 155
41 12 84
40 63 132
38 66 121
57 7 93
7 11 23
59 105 196
37 10 63
1 0 1
42 15 93
34 19 69
7 6 14
77 93 217
88 130 260
23 1 31
68 64 151
97 163 292
67 20 106
40 8 75
94 145 286
12 3 21
69 63 146
77 11 104
98 139 274
13 22 38
90 23 196
71 74 166
23 29 64
16 26 56
73 48 190
8 4 17
52 52 143
87 39 200
98 172 327
50 10 83
79 39 185
56 16 90
1 1 2
37 2 56
18 0 27
29 47 100
34 41 84
39 70 124
12 9 27
1 1 2
21 30 55
2 4 6
33 57 97
73 64 166
59 59 145
50 60 140
5 10 18
96 103 228
2 4 7
19 34 57
48 15 74
32 42 105
41 72 137
30 3 41
36 23 91
87 121 266
18 21 47
31 2 39
49 4 101
90 165 292
51 46 143
31 26 83
89 153 292
6 0 11
17 24 49
23 36 70
38 72 137
6 12 21
74 60 205
39 9 66
13 22 42
23 17 45
32 20 65
4 0 6
37 11 65
73 68 184
80 25 168
73 116 226
31 59 106
29 23 74
85 20 156
61 24 102
91 132 310
77 52 146
85 16 128
60 102 200
69 138 261
2 3 6
46 48 103
69 43 152
58 23 106
96 120 255
26 35 81
24 28 57
44 80 147
23 10 39
94 61 242
78 135 243
41 48 109
77 133 258
24 6 42
72 122 245
9 11 27
25 22 61
46 60 143
32 10 67
31 45 96
40 20 88
85 153 282
19 6 30
1 2 3
86 152 256
80 12 147
84 48 153
13 26 51
41 69 149
18 24 54
94 169 348
3 5 10
88 122 275
57 3 102
83 2 139
54 7 81
45 82 170
99 181 336
9 14 29
1 2 3
36 35 101
2 1 3
20 5 35
15 23 43
60 6 122
99 18 202
15 30 59
75 58 148
35 10 59
19 14 51
25 8 56
43 11 63
95 185 330
22 0 27
35 43 105
25 32 68
19 19 44
24 37 73
44 69 133
26 40 90
23 40 81
24 46 84
9 6 16
80 61 167
83 9 137
91 165 308
14 20 41
55 4 88
38 63 123
85 50 186
94 71 250
81 61 221
55 105 211
41 47 111
66 26 147
29 40 78
16 14 37
21 10 38
17 22 52
51 90 151
75 103 201
42 14 82
81 58 215
76 12 117
48 26 84
6 4 14
94 55 203
94 147 332
36 54 110
97 63 234
99 72 217
79 158 301
40 61 117
62 27 113
61 50 157
36 64 129
86 88 206
6 0 9
37 19 64
76 84 180
35 20 65
59 16 113
84 164 275
67 103 199
85 153 271
74 21 130
15 15 37
21 18 44
79 105 223
71 32 160
10 6 18
17 1 21
23 39 73
80 147 261
41 20 70
52 102 182
29 52 90
73 92 180
18 18 45
21 34 63
46 27 100
64 57 140
15 12 36
79 88 197
46 8 90
19 31 57
66 62 178
60 60 159
79 63 220
80 145 297
23 21 52
76 62 197
91 101 258
14 11 29
17 15 43
33 40 92
100 136 256
91 82 201
83 101 206
78 49 193
91 2 137
24 36 67
53 20 95
84 101 268
74 133 264
37 29 96
52 34 112
91 69 211
4 5 10
78 103 217
81 49 210
43 51 135
64 18 103
15 5 23
32 17 56
75 12 140
51 2 73
53 13 110
97 14 148
52 76 150
65 115 201
27 16 55
40 14 70
41 39 101
30 42 85
82 154 292
52 98 170
84 29 159
82 42 203
35 43 101
11 11 27
28 13 54
97 2 149
8 10 22
47 11 81
62 116 230
13 13 36
67 47 132
65 57 169
5 1 7
83 37 199
58 64 150
67 95 178
75 23 117
19 36 65
79 99 208
44 8 78
27 45 91
60 33 106
94 153 340
2 0 3
99 33 163
45 50 105
30 54 113
75 38 144
64 31 144
34 30 83
34 35 95
73 39 182
79 102 256
9 17 31
34 34 75
16 8 33
37 42 114
35 21 87
68 44 152
22 33 75
74 58 147
89 45 156
5 8 14
41 3 58
94 182 298
15 5 25
49 47 141
70 106 211
53 18 93
27 5 57
10 7 24
79 98 228
77 108 214
87 95 213
55 26 130
50 29 96
14 25 46
56 102 174
19 27 64
75 75 172
83 132 231
84 101 210
46 17 82
83 160 304
47 1 90
2 3 5
23 38 68
87 24 153
64 39 151
61 8 82
57 10 86
46 80 135
49 40 115
16 15 46
92 184 329
82 149 288
72 37 158
5 2 8
39 49 98
79 139 293
63 94 204
90 163 310
73 23 165
91 68 239
31 15 56
14 3 29
9 17 30
100 56 234
33 32 81
34 48 100
3 4 9
62 76 170
30 36 91
6 11 21
9 13 23
2 2 4
9 6 21
35 62 109
61 85 158
87 79 229
40 73 137
45 53 135
12 1 16
100 39 221
14 0 18
83 97 203
54 20 126
47 56 127
6 0 7
9 11 25
46 46 104
84 166 322
