100
1.0 1.26 1.24 1.76 1.56
6 31 59
10 79 113
4 31 55
9 46 75
5 1 28
2 22 48
8 27 58
5 48 71
10 13 36
3 64 80
5 53 68
10 17 50
1 79 99
4 12 35
3 75 102
9 2 21
3 66 81
2 54 78
8 6 38
8 14 37
9 69 95
10 29 62
6 51 71
6 38 58
1 76 97
6 6 31
8 54 77
9 38 71
1 17 34
9 71 94
3 55 83
6 56 77
3 24 51
4 16 41
8 26 47
6 23 43
9 33 57
8 55 76
6 54 78
8 10 43
9 5 31
9 72 105
7 57 89
7 34 59
1 12 32
6 75 99
5 21 39
8 5 37
4 57 71
9 66 98
5 61 89
5 76 102
1 27 41
1 46 72
9 32 65
5 5 33
8 58 76
10 54 76
8 67 91
5 78 102
4 11 34
5 38 67
8 79 104
2 39 57
8 22 49
2 17 35
10 8 39
2 54 79
8 41 67
9 52 72
10 40 63
10 42 73
4 57 79
8 50 83
6 58 81
6 34 55
4 5 27
2 67 90
3 21 43
3 14 38
9 28 56
10 37 66
4 77 96
9 8 33
7 77 105
4 23 43
9 48 72
9 31 57
7 75 102
7 26 57
9 48 71
7 65 86
9 2 30
7 40 72
5 71 98
9 31 61
7 0 21
1 19 36
1 54 70
10 25 51
