300
1.0 1.6 1.9 1.2 1.5
13 4 69
17 18 50
17 21 42
10 15 67
20 20 51
10 5 40
20 23 64
7 0 58
7 2 50
16 12 55
15 25 65
13 29 47
7 7 41
8 21 69
19 11 57
17 23 66
12 17 47
10 5 46
5 26 67
18 15 64
10 3 41
7 23 59
5 25 60
9 17 46
17 14 59
7 18 41
11 16 44
5 15 67
20 17 62
10 15 44
12 28 49
20 17 44
7 2 45
10 4 46
16 5 56
6 0 47
12 21 42
16 29 64
13 18 58
16 14 61
17 27 44
5 26 67
19 5 62
5 19 64
19 19 58
16 15 44
20 0 47
7 9 47
18 0 59
12 23 56
20 16 61
11 24 65
9 6 59
11 8 51
18 29 57
9 2 61
17 3 56
19 27 60
19 25 55
10 24 43
12 14 51
12 17 66
18 30 67
18 19 56
8 12 53
7 11 54
15 26 56
8 20 69
6 5 58
11 5 49
9 5 65
19 10 66
17 1 67
12 18 44
19 23 57
13 9 43
17 22 55
11 15 41
19 25 44
5 2 45
20 26 69
17 0 54
15 1 42
17 28 57
5 7 66
12 1 43
17 22 47
14 16 44
13 20 60
15 12 44
7 5 65
7 16 43
9 24 47
14 7 56
18 28 52
16 14 60
20 19 40
15 23 62
14 10 47
20 14 69
12 0 55
5 19 45
14 7 47
7 23 56
6 8 42
20 18 50
5 27 63
6 11 41
12 14 44
18 8 50
16 10 56
8 0 64
8 8 69
8 4 50
19 5 60
5 15 67
10 27 43
19 17 69
7 29 47
20 8 70
19 4 44
19 28 70
14 6 54
8 21 66
16 0 68
14 5 58
9 15 65
12 14 65
6 21 65
20 12 62
5 6 68
10 6 41
7 20 55
7 2 68
16 10 60
12 2 41
19 7 52
8 23 56
10 26 67
16 16 53
14 15 64
9 13 59
19 25 62
14 21 58
18 0 59
18 29 69
12 1 66
15 23 53
12 27 43
9 17 68
8 8 69
14 19 45
14 10 54
7 29 56
17 26 45
6 20 56
7 20 67
10 24 70
10 28 53
6 20 51
11 16 69
8 5 46
11 28 64
17 2 50
19 4 47
18 22 68
19 6 54
7 12 40
17 25 54
11 19 49
6 0 43
12 15 66
10 16 63
18 7 54
9 28 64
7 14 57
7 1 60
15 25 40
17 24 46
6 28 65
11 15 51
6 17 47
20 18 48
20 9 50
13 27 40
12 3 48
8 15 58
13 22 49
18 25 59
19 1 67
16 22 55
6 6 55
18 6 48
9 14 53
14 2 57
15 26 46
16 4 44
20 1 70
6 20 54
17 12 61
16 18 52
11 22 62
8 14 58
16 9 68
16 20 64
12 1 60
17 27 57
5 26 61
17 4 44
18 5 58
15 26 55
18 28 56
19 0 68
11 9 67
20 11 57
18 3 55
11 23 57
20 15 62
20 15 46
11 22 67
14 24 67
18 7 64
6 21 50
13 23 44
9 7 56
7 14 69
13 30 43
14 24 66
12 14 59
13 3 40
8 21 47
9 22 49
8 19 67
7 3 43
15 2 42
15 27 70
7 2 65
17 17 58
9 6 44
14 26 40
16 6 55
16 6 49
20 19 52
11 29 63
5 25 51
6 3 69
11 16 47
5 12 45
10 3 49
18 7 61
8 15 67
15 23 60
17 18 61
9 23 55
5 7 41
12 26 47
17 21 68
17 10 48
17 17 62
13 19 58
12 10 49
14 0 66
12 21 45
13 4 57
7 21 64
6 14 65
14 13 62
5 0 64
7 30 44
17 16 54
15 19 51
14 26 43
20 19 55
18 19 69
19 19 67
17 0 48
5 0 54
20 5 49
14 0 56
10 18 57
11 8 47
14 17 41
7 16 62
10 30 40
12 16 48
16 17 42
12 15 70
10 30 60
5 11 62
18 0 45
15 10 56
17 11 54
16 13 57
19 4 65
14 12 60
16 4 66
18 10 40
19 5 52
8 21 46
7 4 60
