200
1.0 1.8 1.7 2.0 1.3
6 13 51
20 26 57
10 12 62
12 25 58
11 15 67
14 17 47
15 19 49
8 8 60
17 13 41
7 22 63
12 13 67
19 0 61
12 8 56
5 21 41
11 14 60
17 15 69
9 6 59
12 22 46
8 8 44
13 4 64
18 5 58
19 15 44
5 27 53
20 26 64
18 0 63
6 4 56
7 19 58
14 11 41
7 25 70
13 19 51
20 12 64
8 5 44
14 19 65
7 30 59
10 15 69
18 19 52
12 3 44
10 24 43
5 18 62
10 18 58
11 26 41
11 30 59
17 3 66
10 24 59
9 29 48
12 29 46
13 0 56
11 10 68
12 26 66
12 20 58
6 6 56
8 10 46
9 30 58
5 1 67
9 12 53
6 23 41
19 22 61
13 29 65
18 16 70
19 0 61
7 24 66
12 0 51
13 6 65
10 10 49
10 13 51
14 9 53
16 21 46
7 15 59
12 21 57
9 24 64
18 27 49
17 0 47
8 28 43
10 5 54
19 28 65
18 2 47
19 7 42
9 26 67
19 17 63
9 28 48
7 18 53
6 16 57
7 13 43
5 10 59
15 3 68
11 17 67
11 29 52
6 30 43
8 6 56
19 0 47
7 21 46
6 6 43
7 9 41
9 30 63
14 4 44
15 1 41
16 1 43
12 26 69
12 16 65
11 11 69
7 8 64
7 26 63
11 0 50
17 6 41
11 10 65
10 30 68
10 24 52
11 18 50
16 11 45
7 11 58
19 22 48
9 1 47
13 4 70
16 3 54
20 17 59
6 25 59
11 9 67
18 20 54
6 4 61
19 3 44
9 2 47
10 6 54
11 30 52
12 8 49
20 13 40
13 18 43
6 18 67
20 11 47
9 15 51
7 25 48
14 1 42
9 11 66
18 0 47
19 25 44
13 3 46
19 3 69
14 15 49
9 0 56
7 6 61
20 21 47
15 12 54
7 14 62
8 16 59
19 3 63
5 28 70
19 4 65
9 2 69
15 13 55
7 2 56
16 2 45
13 23 43
13 30 61
18 26 67
8 7 66
11 3 49
17 27 52
19 14 49
11 19 40
9 3 69
16 19 61
18 15 42
19 18 45
10 22 67
11 27 62
8 1 60
15 20 70
6 12 40
16 9 47
5 28 59
8 15 58
6 23 41
14 4 50
13 2 47
12 1 56
15 28 47
16 26 48
6 24 58
7 2 70
5 0 56
12 7 47
15 15 53
19 10 61
14 22 52
17 27 69
5 30 69
19 12 70
14 22 42
16 16 51
20 11 51
20 20 54
15 13 52
11 19 62
12 21 59
9 30 64
6 0 61
17 16 44
8 10 64
13 27 65
20 4 56
10 23 50
