400
1.3 1.8 1.0 1.4 1.3 
13 556 577
7 101 117
17 231 253
17 493 514
13 1040 1055
14 530 553
19 639 663
30 260 300
2 868 878
12 380 397
24 323 356
12 942 964
14 944 964
6 872 888
25 1283 1316
4 586 600
30 714 744
23 403 430
16 1320 1342
7 202 210
6 1229 1240
5 413 421
27 326 363
21 1522 1549
23 720 748
11 1340 1361
28 1126 1162
10 336 351
17 244 261
17 582 607
16 1442 1464
20 715 740
6 1473 1489
2 1296 1308
21 288 311
7 51 66
14 1451 1468
26 821 851
17 860 878
30 1027 1065
21 1598 1621
4 1045 1056
22 767 793
12 996 1009
5 215 225
23 228 255
7 1171 1179
10 886 902
9 677 688
28 1134 1172
13 727 746
24 380 413
8 406 421
18 562 588
6 1503 1513
2 248 253
19 1355 1382
23 1305 1338
11 855 869
11 1238 1255
15 929 944
18 482 509
27 1162 1190
30 1300 1331
26 1366 1394
2 1495 1506
2 711 715
21 269 295
17 835 854
6 538 550
4 1028 1035
10 1532 1549
2 592 602
26 608 644
29 1185 1217
12 436 455
23 925 956
3 255 260
16 73 97
2 453 459
13 979 999
21 357 378
28 1055 1087
16 254 276
10 290 307
7 1099 1106
22 1339 1363
29 595 629
21 643 666
4 137 142
12 786 802
22 1353 1379
7 871 878
21 1538 1559
21 1389 1418
8 737 748
14 197 217
14 605 625
9 887 906
16 989 1006
21 1056 1085
30 947 986
18 243 264
16 764 786
27 117 149
18 1002 1030
19 553 577
22 601 623
17 804 824
17 1265 1286
4 1439 1453
25 1559 1591
24 923 948
11 894 910
28 1186 1219
4 508 522
13 198 214
4 1102 1116
25 138 172
21 1370 1398
20 1355 1383
2 898 900
28 425 459
18 905 928
10 95 112
9 54 64
11 372 393
20 1444 1467
24 1363 1391
13 104 125
19 1204 1225
12 1502 1519
8 1339 1352
16 784 805
20 981 1005
19 1423 1446
4 463 471
26 1217 1251
15 360 384
23 1081 1114
13 1222 1240
12 591 607
16 413 439
6 1062 1072
2 623 635
14 143 166
21 312 333
3 723 730
6 1238 1249
27 1034 1067
28 1364 1397
23 533 557
27 1010 1045
10 671 685
26 431 459
25 435 460
27 1585 1618
20 306 333
3 1040 1052
19 845 870
5 714 727
16 368 390
27 1443 1471
11 102 113
30 1398 1432
27 396 433
10 1004 1023
16 851 869
20 1395 1421
27 876 907
5 538 546
24 245 276
22 1379 1402
19 291 314
15 1069 1088
13 1466 1479
9 18 32
2 769 777
7 432 449
30 1494 1526
21 856 881
2 1318 1325
8 806 821
20 1489 1518
2 519 527
9 733 746
8 348 365
3 268 271
30 126 157
16 358 374
24 1357 1388
20 1246 1267
24 1325 1358
11 426 437
4 403 417
9 1131 1147
18 922 940
18 1571 1595
11 1045 1063
28 171 199
26 1169 1204
24 271 301
27 721 751
8 1068 1076
13 1015 1031
6 1509 1525
6 699 712
5 708 719
24 449 478
26 488 516
29 381 415
14 259 273
21 374 402
13 1045 1068
28 966 1000
29 1191 1224
8 322 332
4 206 217
11 574 589
19 1331 1354
12 1243 1259
23 111 136
17 1468 1488
24 622 653
15 1204 1219
15 1038 1053
26 676 705
15 563 587
9 490 499
28 1500 1537
16 1549 1566
19 1501 1527
28 315 353
9 948 962
7 1128 1137
13 1192 1210
20 698 722
6 324 332
6 1557 1564
19 1361 1383
20 13 43
29 881 910
24 797 828
28 136 170
6 1105 1111
13 1475 1488
22 1386 1418
19 674 700
6 453 469
11 773 793
17 1546 1565
18 226 254
14 857 874
10 951 969
22 284 314
29 67 99
13 1170 1183
9 1476 1493
16 853 871
11 362 374
9 537 546
30 1352 1391
20 464 485
18 1199 1226
4 1375 1380
14 1361 1381
8 646 660
3 1393 1401
13 599 621
12 875 897
6 583 592
11 1434 1454
24 684 712
12 1136 1149
30 800 833
11 74 95
4 1533 1542
12 1039 1051
28 370 401
11 797 809
3 631 634
17 1039 1063
27 1443 1472
24 1468 1495
8 780 789
30 555 594
10 1050 1068
19 1233 1260
24 1428 1457
26 872 903
7 1383 1398
23 671 696
23 1179 1207
2 33 39
3 1465 1477
12 1508 1527
30 874 905
12 563 579
13 504 519
14 729 746
16 772 797
9 113 126
2 1485 1489
16 1344 1360
17 319 337
14 956 973
27 848 882
10 924 940
19 1406 1433
18 1314 1334
20 389 415
24 1459 1488
27 290 321
7 250 258
26 1260 1286
27 1544 1576
13 994 1017
25 709 744
9 114 132
17 970 988
30 1373 1410
12 1331 1349
4 157 169
22 1309 1340
15 1376 1392
25 1374 1399
14 829 853
16 807 823
23 23 50
14 732 755
23 82 112
30 266 299
21 920 949
15 630 645
10 289 302
19 745 768
24 896 930
24 395 422
28 104 141
14 464 487
25 1544 1579
2 882 888
5 618 628
5 261 275
18 682 710
23 1026 1059
12 508 521
5 545 550
21 969 990
20 545 568
28 215 248
17 1580 1607
30 258 292
6 127 133
5 1306 1318
7 808 819
13 266 282
28 1460 1496
29 507 538
7 1201 1212
5 568 582
20 831 860
19 47 72
13 301 316
18 674 699
17 17 41
21 894 917
7 1498 1513
27 1238 1275
4 91 100
25 1124 1156
28 1259 1288
14 506 520
2 316 321
23 1452 1484
17 131 153
10 160 170
14 372 390
2 757 759
27 1119 1146
25 58 85
10 243 253
2 1180 1190
4 619 632
24 839 870
15 496 521
28 856 892
10 1568 1585
3 1028 1038
21 470 495
19 719 744
23 1357 1380
17 1270 1290
17 830 847
14 1537 1551
9 185 195
20 1197 1217
16 606 626
14 1069 1083
30 1151 1188
