300
1.4 1.3 1.0 1.2 1.5 
97 482 599
6 160 201
74 626 703
25 416 456
17 707 761
53 988 1085
22 989 1034
8 977 1006
39 143 228
54 623 680
77 258 351
41 755 836
75 671 757
68 53 165
93 747 867
55 218 285
4 660 688
60 575 647
11 253 291
52 513 583
5 72 121
66 825 917
80 647 738
21 408 441
29 532 600
27 548 601
38 687 760
52 236 289
77 127 215
46 494 558
28 198 240
83 991 1119
34 328 406
28 765 811
58 690 782
21 796 850
93 582 688
55 56 149
51 897 986
37 689 734
45 232 304
96 868 994
58 739 826
63 178 253
76 654 757
34 558 612
96 374 471
89 274 377
92 342 451
47 412 476
24 151 177
20 852 919
75 253 342
69 403 504
43 606 664
12 310 341
29 479 533
60 286 380
30 91 136
69 523 637
97 485 632
86 902 1001
82 884 977
37 768 811
27 481 527
51 192 263
76 844 969
24 258 331
90 373 510
95 391 491
19 484 526
72 187 288
25 197 250
84 276 410
94 620 739
30 29 104
65 208 305
5 426 468
50 537 589
18 794 816
12 132 166
19 337 381
28 791 823
2 156 174
77 437 523
77 174 290
8 520 537
87 75 176
61 979 1078
20 531 590
83 179 309
22 488 526
37 240 283
88 382 516
26 290 361
51 169 243
8 509 563
63 408 519
94 813 913
92 483 589
89 939 1053
11 377 426
12 205 244
41 877 953
70 465 580
80 797 925
62 873 972
38 785 844
69 468 549
63 888 958
55 517 619
63 961 1066
96 426 554
93 330 436
24 810 842
61 926 1012
76 69 150
61 717 810
93 420 549
40 904 992
49 976 1039
87 757 892
75 676 756
87 142 275
26 480 512
25 80 109
99 966 1093
40 437 483
4 764 789
49 79 172
38 995 1049
40 963 1023
3 18 69
6 4 12
5 240 273
68 167 261
30 333 393
75 547 662
53 501 562
62 111 187
20 921 979
7 9 35
25 942 1012
14 214 274
17 942 992
33 47 108
92 814 943
19 217 271
66 73 160
70 176 253
78 334 438
9 199 214
54 15 83
98 45 152
41 148 194
21 569 628
33 413 460
34 214 261
66 647 748
70 604 710
80 72 198
67 276 388
21 126 161
74 136 213
55 222 294
13 738 785
34 960 1035
50 78 162
75 310 390
43 782 827
19 390 429
78 317 396
50 541 636
68 904 991
74 837 932
52 280 361
95 240 370
79 651 756
6 363 397
75 561 655
37 109 152
52 907 983
38 925 971
1 674 724
70 383 475
41 119 178
86 717 835
63 223 320
56 21 118
70 436 511
48 66 131
45 105 175
62 405 494
35 637 708
95 438 538
53 47 145
4 662 680
76 22 141
63 2 87
65 478 589
51 373 463
30 790 847
35 419 474
34 130 203
84 222 307
3 177 218
24 501 564
76 65 159
56 495 571
40 903 981
43 289 376
92 102 201
15 943 1005
63 643 747
86 643 732
35 843 918
30 997 1072
50 290 376
75 623 722
62 515 592
77 739 839
19 47 89
89 541 665
11 71 129
78 563 671
53 613 695
33 582 635
95 752 882
44 762 821
17 269 296
91 424 555
20 531 562
73 669 756
44 329 375
9 370 414
97 599 707
31 520 581
59 555 639
36 719 761
78 297 407
29 535 614
52 67 163
35 889 929
57 5 78
61 396 507
100 597 711
53 988 1072
94 514 649
74 78 187
33 605 662
1 295 330
42 595 681
40 585 631
72 341 460
19 460 488
8 411 459
78 845 934
54 134 223
54 678 774
19 6 33
54 804 889
93 507 616
68 572 668
81 557 667
10 602 660
2 603 651
64 57 168
36 176 213
2 649 671
90 988 1125
29 292 327
71 728 821
84 551 674
15 431 467
12 22 39
77 796 914
91 348 473
44 459 507
38 957 1039
5 505 558
100 64 168
70 194 274
59 302 375
60 741 808
28 6 59
78 745 873
28 466 502
33 979 1033
23 412 476
93 119 256
39 826 866
69 65 170
18 74 142
26 619 659
83 318 430
85 401 497
66 753 822
74 556 647
14 639 701
36 179 216
