350
1.38 1.0 1.83 1.4 1.89
8 200 228
10 218 240
2 159 183
10 92 127
4 147 171
8 124 156
5 65 81
1 136 148
1 6 21
6 146 162
5 131 152
9 221 241
4 298 314
7 49 70
10 90 111
10 309 343
9 9 29
9 138 157
4 318 347
4 109 126
2 116 138
4 41 62
4 235 262
7 86 117
4 66 95
2 229 256
5 208 229
1 194 217
3 319 340
2 193 212
4 228 253
10 247 276
9 236 262
4 132 160
10 110 139
6 289 306
6 109 138
5 170 187
5 114 137
3 14 40
6 253 274
3 74 91
4 34 60
4 268 284
10 112 135
4 32 47
5 260 289
9 41 71
1 297 311
8 309 332
9 69 91
9 268 302
3 96 117
6 306 334
4 296 316
6 83 100
9 147 172
1 73 87
3 310 338
5 302 332
4 89 106
2 84 110
9 227 250
7 122 143
6 166 184
8 265 289
9 111 139
10 168 197
7 136 167
9 217 245
9 191 220
10 267 293
8 241 271
6 176 194
10 304 332
4 214 242
1 315 326
3 45 59
3 215 232
9 324 358
3 227 253
4 287 316
3 17 30
1 187 200
1 7 29
4 165 189
8 299 317
4 170 190
2 134 154
6 233 251
6 233 263
5 38 60
6 168 189
2 94 113
1 220 240
9 106 129
6 141 166
7 64 89
5 184 205
6 73 98
2 110 129
1 225 243
1 253 264
10 173 203
5 128 155
1 203 218
6 17 38
5 196 222
5 285 310
1 192 210
4 212 232
9 137 156
6 150 178
4 326 355
10 159 194
7 96 126
1 16 36
10 258 292
3 31 49
5 117 140
10 127 149
4 202 217
10 152 179
10 286 308
10 305 333
9 65 84
9 107 131
5 232 251
4 151 173
4 46 61
7 266 286
5 124 146
10 72 103
4 294 311
5 149 179
9 292 324
3 86 105
1 250 271
7 258 283
9 53 77
3 10 32
1 43 67
10 54 79
10 253 284
4 145 169
10 295 330
9 45 66
9 62 85
5 139 169
10 214 248
8 28 58
3 11 39
9 172 192
4 145 165
8 113 145
3 283 301
7 2 19
7 27 48
2 143 155
1 158 173
6 172 197
9 239 270
5 156 179
5 4 34
3 212 227
10 67 98
6 151 175
9 172 203
3 273 288
8 94 115
4 238 253
4 8 37
4 221 248
7 121 151
4 183 210
5 145 174
9 315 347
4 39 62
6 252 272
6 294 312
10 77 100
2 152 169
7 143 169
5 99 122
6 313 333
2 238 257
4 63 85
9 176 200
8 41 66
4 80 100
2 330 354
9 9 38
1 276 293
6 324 351
10 308 340
5 50 78
2 135 155
7 8 39
5 209 235
10 304 327
5 287 316
2 125 137
9 219 250
1 173 186
9 118 139
6 319 338
8 143 173
8 62 91
7 316 333
5 102 131
9 259 285
7 60 90
2 273 292
1 254 272
10 45 75
4 318 345
9 185 210
7 163 184
9 121 142
2 46 61
3 263 286
5 126 150
6 275 293
7 220 250
8 314 342
1 280 295
6 39 60
7 212 237
4 132 146
9 155 178
8 149 171
6 34 51
4 126 145
9 162 187
7 121 150
5 327 342
3 126 139
1 212 232
9 139 172
3 22 44
6 289 307
6 319 340
5 321 345
1 216 233
1 306 319
4 214 240
3 193 211
8 226 253
8 144 172
3 114 131
7 218 240
2 208 231
10 99 132
3 100 122
5 64 93
4 325 346
5 106 135
8 294 326
9 215 244
3 82 98
9 35 57
5 267 285
5 122 147
2 313 326
2 184 199
5 46 76
1 84 110
10 313 348
4 309 323
5 248 268
4 234 254
7 179 206
3 301 329
1 108 121
3 249 274
8 265 290
4 246 275
8 2 23
2 98 110
9 19 49
8 33 53
5 98 117
8 257 282
10 255 279
8 324 352
2 62 81
6 202 221
4 6 25
2 73 88
4 10 35
2 158 174
7 20 42
6 254 284
10 95 129
4 148 170
10 84 106
5 279 305
3 96 113
8 160 181
4 120 136
2 314 338
4 127 151
3 51 64
10 284 309
10 233 259
9 129 153
8 185 205
1 251 268
4 5 21
8 87 113
9 219 240
2 232 254
9 203 224
9 97 118
7 191 214
6 154 173
2 310 324
1 19 41
4 25 42
4 135 149
1 78 98
10 15 46
10 195 230
10 256 287
9 112 133
8 302 329
1 30 53
10 228 253
9 223 243
5 300 323
8 154 180
1 118 129
3 29 48
10 102 124
4 292 315
4 208 227
5 266 294
7 5 36
6 120 137
10 228 260
6 209 229
6 168 189
8 3 36
3 39 56
6 82 105
7 43 68
4 79 100
10 229 260
5 89 107
4 117 144
