500
1.5 1.0 1.6 1.6 1.8 
86 849 973
54 259 322
69 551 663
8 626 675
34 253 319
56 331 396
59 484 591
39 246 306
8 768 810
48 715 766
22 993 1025
66 316 415
22 559 623
6 118 168
94 352 469
50 475 529
83 62 147
71 56 152
49 117 214
56 629 710
99 322 456
83 727 826
18 143 163
96 284 424
58 458 548
49 224 310
24 165 199
13 636 663
92 151 279
80 670 779
85 581 710
72 819 927
6 658 713
65 117 196
49 358 428
28 867 931
14 435 478
66 614 695
1 187 196
32 620 688
8 231 270
61 594 705
3 221 262
62 783 879
57 225 327
24 737 791
36 183 265
84 852 970
2 701 735
48 612 661
76 95 206
55 724 826
10 396 422
70 896 1010
80 822 913
25 229 285
24 640 712
32 77 154
62 671 765
49 292 348
92 713 818
97 225 330
86 180 308
41 228 316
24 460 514
6 236 290
49 388 450
1 521 534
50 571 655
16 801 842
39 158 205
85 767 882
14 664 723
14 668 692
45 8 89
18 858 903
29 471 545
7 509 517
11 34 94
66 2 107
58 333 409
95 273 415
45 182 268
28 208 269
26 187 227
10 268 285
39 418 472
15 472 525
47 209 298
66 856 926
63 144 219
19 787 832
85 51 167
6 980 1009
19 343 398
10 159 182
50 220 315
14 578 600
60 653 763
79 384 479
52 734 805
38 249 319
15 588 650
27 651 703
85 201 325
93 447 565
61 916 1017
23 458 491
57 101 202
84 925 1047
35 459 514
74 261 364
95 995 1120
42 706 787
45 687 745
45 973 1020
53 869 968
83 301 417
21 693 752
83 819 912
12 762 811
25 544 607
50 103 167
47 655 748
27 886 956
28 661 709
94 423 565
71 746 835
26 186 255
5 88 123
82 429 545
33 215 297
76 602 719
74 220 315
32 702 737
23 619 664
37 641 708
37 143 219
57 784 869
13 436 458
53 502 568
42 685 774
53 723 805
98 459 567
17 339 375
51 701 794
6 71 107
92 63 198
89 17 123
83 640 742
64 470 580
58 399 480
19 542 611
50 658 730
32 886 950
69 653 768
46 825 887
55 531 606
32 879 918
8 514 538
56 629 711
40 317 365
46 141 210
99 461 593
61 197 288
79 716 818
67 305 414
16 454 492
6 156 174
42 997 1078
38 609 693
6 352 362
96 1000 1132
22 878 929
13 767 812
5 398 420
17 172 225
99 152 289
19 55 100
32 221 268
99 609 719
39 515 585
82 262 377
5 826 836
75 851 955
60 586 664
91 412 519
30 392 472
55 725 804
77 890 1002
22 856 897
94 298 429
43 19 77
61 656 762
35 695 743
74 603 698
27 454 486
62 729 825
54 82 180
81 13 131
64 366 457
60 707 773
74 841 963
12 134 158
4 410 426
84 142 242
61 279 364
86 949 1075
84 937 1060
11 490 527
90 101 201
70 465 569
75 958 1070
7 417 433
61 186 269
10 703 742
8 720 766
63 312 396
80 256 337
76 729 811
88 927 1054
27 79 138
74 615 699
26 95 123
86 730 833
36 208 279
75 923 1015
50 429 491
71 928 1016
93 789 909
14 783 811
25 177 244
71 919 994
21 58 108
45 925 1011
97 470 600
31 556 596
96 698 826
96 122 228
71 614 696
76 343 440
3 182 224
36 465 532
30 832 886
51 432 512
60 167 261
55 3 77
91 110 250
100 585 706
85 524 637
83 337 422
91 155 282
94 256 378
74 966 1087
74 275 367
58 258 355
12 190 213
70 604 707
63 683 760
12 273 299
29 680 735
5 343 377
17 930 997
16 947 982
58 692 756
55 96 164
81 500 604
27 921 965
85 423 535
42 508 551
67 547 658
37 395 445
93 944 1061
5 381 429
11 451 494
64 431 520
3 281 312
19 312 361
8 207 233
72 509 624
28 734 770
43 867 959
84 767 862
20 790 854
9 189 206
79 568 664
38 546 599
25 946 973
98 959 1062
85 648 754
2 449 494
74 18 110
11 216 275
93 547 674
43 672 720
5 718 753
21 961 1012
78 823 913
62 285 356
17 385 417
85 342 463
14 634 657
47 697 788
8 61 116
98 523 624
82 800 932
95 820 952
70 901 995
37 632 692
66 624 738
31 596 641
95 958 1101
54 588 675
83 693 814
14 842 901
23 744 782
99 71 190
96 446 553
99 116 220
88 376 474
80 903 1017
82 698 795
2 874 915
27 195 252
74 2 117
70 479 568
22 571 616
13 649 692
7 507 531
41 736 817
87 248 385
24 602 644
78 265 374
56 834 892
59 436 507
80 790 872
98 214 358
39 415 504
76 247 347
81 513 641
24 371 435
28 284 357
7 370 411
99 637 754
45 73 158
1 301 323
34 236 272
35 810 876
7 590 634
13 981 1033
19 509 552
5 113 134
14 878 939
35 888 944
4 525 559
13 77 115
12 473 498
37 160 244
76 621 743
93 742 837
44 320 391
60 231 312
25 564 606
48 937 1001
40 104 160
78 941 1035
46 910 992
95 953 1060
91 177 275
73 910 986
59 73 156
84 809 912
85 466 588
32 396 438
86 463 581
35 235 320
84 712 823
1 560 585
47 945 1042
91 756 872
43 924 1010
13 772 834
64 78 152
66 65 155
34 965 1034
33 664 715
55 348 450
72 987 1070
36 628 697
39 573 649
57 578 655
27 820 869
12 1000 1062
8 892 938
95 72 197
24 913 941
29 707 737
96 315 426
10 197 256
50 981 1036
89 650 768
69 916 988
95 165 301
25 562 602
27 232 299
99 883 1001
13 18 78
24 923 981
35 627 676
61 117 205
22 877 925
70 330 401
38 637 679
25 302 328
34 210 273
31 489 532
80 467 586
97 646 761
30 635 694
54 421 495
41 613 695
12 157 208
58 756 820
96 947 1059
64 194 300
78 982 1092
67 540 612
10 419 477
39 617 665
93 90 188
61 120 187
82 839 957
100 485 610
86 448 556
55 29 118
29 39 90
8 951 1001
72 449 563
29 705 742
41 712 802
35 176 215
50 417 496
95 964 1087
61 812 892
84 592 707
88 453 588
82 268 378
57 417 482
29 812 883
36 327 387
72 223 296
24 491 552
44 879 957
63 980 1072
65 364 451
25 675 743
54 647 731
96 298 433
11 704 733
41 361 452
14 966 1020
25 879 908
11 973 1015
28 788 834
29 132 207
62 524 609
48 848 905
34 942 991
34 632 683
79 505 585
45 71 149
53 140 197
14 622 685
25 177 226
73 674 781
83 732 856
18 836 859
40 119 203
52 566 667
39 701 752
1 27 41
38 159 216
87 544 664
17 993 1025
40 961 1025
8 361 403
11 923 939
63 646 727
1 910 956
64 11 107
40 965 1051
72 309 405
48 12 94
46 520 587
72 458 545
89 957 1075
25 461 495
8 52 95
66 466 558
48 370 466
