200
1.0 1.9 1.5 1.2 1.0 
25 95 220
39 56 105
41 4 98
29 71 128
25 46 115
28 58 138
29 43 154
17 13 106
24 85 113
39 47 96
4 20 33
31 50 95
7 32 52
9 37 70
44 134 299
34 24 71
11 8 33
48 115 343
9 39 66
29 70 220
28 75 107
18 12 53
7 34 68
20 16 102
28 57 164
27 83 153
9 27 94
8 30 84
8 27 67
2 29 79
6 27 54
31 47 81
24 61 199
7 24 62
26 45 123
46 113 183
32 46 85
34 33 82
41 40 191
15 1 80
46 88 152
2 25 69
16 18 56
23 73 182
49 78 262
46 13 212
6 37 81
32 28 73
2 39 88
40 22 72
36 43 97
47 158 325
18 6 70
30 73 211
47 122 312
34 49 101
43 97 298
39 21 74
2 37 95
14 5 115
17 16 131
25 72 103
7 26 74
47 157 317
12 12 83
21 89 209
50 56 110
35 43 97
26 42 109
19 14 90
19 16 116
27 57 105
27 40 115
42 17 102
37 42 85
7 24 62
32 41 82
18 10 37
9 40 54
11 20 66
39 34 86
48 5 154
10 29 92
29 58 221
49 152 357
12 15 82
24 76 202
14 11 44
22 90 203
47 84 234
38 49 100
11 4 71
14 14 37
9 25 80
36 35 74
6 29 93
41 47 121
39 41 82
13 1 107
34 48 84
3 27 81
36 41 84
37 24 61
41 91 281
24 98 236
6 31 56
32 47 93
27 48 140
48 15 109
24 88 195
39 50 92
6 26 85
27 90 233
7 23 57
6 31 66
14 15 70
4 40 45
30 49 195
8 24 48
43 18 103
14 7 112
35 23 75
11 19 91
8 39 52
25 64 152
50 135 185
42 65 210
18 6 103
38 51 89
23 59 95
2 39 72
35 37 84
15 7 101
46 28 228
20 11 77
25 97 176
29 42 205
4 24 56
3 23 74
34 44 88
24 70 196
18 14 45
39 31 84
37 48 91
15 11 55
45 125 352
45 78 286
40 21 78
11 1 77
37 59 112
10 20 72
12 0 13
11 13 37
32 60 96
43 150 379
32 49 100
24 93 254
50 98 336
20 10 63
6 27 70
46 122 205
28 79 188
3 31 52
18 18 98
18 11 92
5 39 79
19 11 40
6 21 39
32 48 91
27 78 235
6 32 94
1 30 40
28 42 74
36 41 92
12 0 69
22 57 206
15 11 80
17 4 108
11 18 29
42 3 243
41 92 292
2 21 77
21 49 167
24 100 238
43 134 371
35 20 55
46 41 186
13 5 24
45 82 191
7 37 69
40 38 98
16 3 29
3 27 69
24 82 131
17 1 108
34 55 108
47 25 148
4 36 66
25 45 151
49 108 341
