400
1.40 1.40 2.00 1.80 1.00
40 77 152
49 3 96
57 71 171
44 23 102
22 36 82
64 41 124
59 86 174
87 88 219
28 39 95
33 15 70
90 70 236
30 55 111
35 20 83
97 16 210
64 8 124
92 98 277
66 90 198
60 5 127
95 61 213
41 13 71
71 52 189
19 12 40
21 36 76
30 42 91
13 9 33
23 36 70
30 34 83
56 15 110
27 34 72
73 78 222
52 102 199
67 88 206
71 6 149
78 83 223
53 96 172
22 29 65
24 11 56
95 109 282
22 3 38
97 147 309
63 76 154
88 46 213
13 18 38
28 6 60
20 3 42
59 79 163
17 26 53
99 155 307
83 12 142
26 16 57
42 69 126
7 13 25
5 1 7
29 57 115
30 18 73
13 12 30
38 52 108
54 9 93
27 4 39
50 12 114
11 11 30
61 92 194
87 99 240
28 50 85
68 78 189
73 36 165
63 21 125
14 10 37
86 118 287
12 6 20
30 55 111
13 14 32
5 7 14
45 52 125
41 82 158
80 117 220
84 53 199
82 75 200
4 4 10
32 56 101
67 51 148
7 1 10
74 122 221
45 76 135
16 27 53
41 1 84
38 73 145
55 47 146
75 71 178
66 113 216
51 28 125
57 85 164
73 92 213
48 61 126
90 22 188
89 113 292
36 17 73
31 14 72
12 19 38
100 138 268
61 66 183
39 67 145
95 180 377
25 33 75
33 3 68
63 73 191
93 92 218
72 136 279
31 12 50
47 69 138
47 76 139
86 165 276
90 149 264
30 17 57
62 98 204
21 34 69
71 30 145
51 15 83
47 31 101
81 28 191
83 29 181
1 0 2
51 93 190
79 140 287
39 51 110
51 100 171
91 112 255
5 9 16
23 32 67
77 15 131
98 168 316
14 8 30
98 63 258
6 7 16
54 59 163
33 40 89
92 93 208
94 135 256
63 10 132
71 96 208
50 65 138
1 2 4
50 52 124
35 29 78
20 30 60
79 12 128
79 34 186
48 35 101
13 21 43
13 9 28
13 23 46
68 62 177
79 92 235
69 116 223
68 65 151
25 19 67
6 6 13
40 8 76
13 9 27
43 70 157
45 67 128
36 23 86
13 3 27
6 1 10
7 1 12
29 35 80
67 109 214
24 11 43
85 166 307
66 47 164
32 41 105
80 20 126
69 109 201
45 66 133
42 84 146
62 24 116
42 7 88
44 19 101
94 147 332
100 41 185
28 55 90
93 107 247
18 3 35
26 51 101
77 114 210
12 15 29
56 109 186
7 14 28
89 137 276
67 12 135
6 8 20
40 47 124
33 10 60
94 92 221
65 84 173
70 133 272
7 8 16
55 70 173
65 62 147
53 50 159
35 59 103
57 38 135
27 48 100
19 15 44
23 38 78
89 55 238
82 61 184
7 1 11
82 41 210
23 5 40
61 119 233
92 38 216
89 54 175
64 99 218
83 90 208
40 34 110
60 44 132
24 13 62
57 47 137
75 105 230
88 19 172
28 7 57
97 47 166
13 10 37
36 41 109
71 68 197
1 0 2
97 76 274
36 20 69
3 4 9
56 53 123
37 18 80
85 112 230
45 38 118
34 67 122
71 57 163
4 1 7
1 2 3
56 35 122
61 90 191
38 72 135
42 16 87
14 14 43
92 135 299
53 19 96
26 2 44
47 86 179
11 6 25
90 25 164
85 166 327
35 8 77
80 80 202
14 0 22
59 64 143
65 109 215
39 7 68
25 2 51
5 0 8
95 85 201
95 66 244
9 15 33
2 2 5
30 10 66
92 167 301
83 128 288
69 77 211
44 18 106
37 71 130
61 118 230
61 97 183
18 20 54
49 78 145
47 32 93
8 10 25
40 11 69
9 4 18
90 81 220
100 162 325
30 6 64
63 73 172
18 23 58
76 84 217
88 18 191
78 7 144
6 5 16
92 39 191
75 25 127
68 119 246
29 14 61
70 67 170
29 35 85
45 48 127
47 60 153
96 170 349
54 23 135
68 51 187
41 40 113
86 14 137
37 61 107
72 81 203
13 19 42
7 12 24
32 20 60
47 4 88
60 11 124
95 41 231
55 43 144
79 121 273
18 35 62
21 38 65
52 55 151
92 137 308
57 14 123
62 34 137
76 127 258
37 23 90
76 58 180
44 64 140
99 72 199
12 1 25
77 124 229
88 16 192
65 50 165
78 137 242
82 39 161
8 2 15
81 77 232
90 94 264
33 13 74
31 32 75
48 62 162
73 40 155
48 87 173
90 109 265
49 95 191
64 9 128
12 9 29
7 10 21
84 138 309
68 121 253
64 0 126
45 27 92
45 57 150
94 26 155
74 143 278
66 71 187
69 128 226
22 21 61
60 31 105
21 11 45
29 55 93
77 34 134
60 108 218
90 119 245
45 26 101
12 17 37
31 6 54
71 99 211
39 56 115
67 25 132
98 170 357
42 40 109
9 15 30
7 14 23
87 95 272
73 127 251
34 33 81
28 54 105
59 52 171
90 112 267
31 18 77
3 3 6
36 68 131
88 103 274
100 109 258
75 25 123
15 2 25
48 90 148
28 48 95
85 88 244
19 12 36
27 10 48
71 2 137
44 88 150
93 91 248
15 8 29
3 6 10
57 73 155
52 49 149
19 37 64
10 11 26
10 15 28
49 45 133
2 2 6
90 26 192
66 48 170
53 37 120
69 130 223
52 38 135
13 16 38
