250
1.9 1.5 1.4 1.4 1.0 
4 402 416
95 102 218
11 654 687
12 511 544
44 161 218
86 838 955
41 986 1064
41 798 846
4 874 896
41 809 863
74 50 135
48 813 908
8 553 592
22 596 622
64 158 269
23 770 826
10 463 474
4 167 194
31 305 361
44 820 867
55 515 599
53 466 525
2 419 453
22 993 1055
21 497 535
39 365 405
65 283 350
66 901 1008
6 842 894
43 861 950
31 731 766
77 79 179
37 467 554
6 296 348
90 543 673
30 634 711
21 223 280
72 116 226
61 751 862
18 45 95
37 544 583
61 635 710
49 875 970
53 461 534
32 743 787
85 195 303
59 479 578
21 981 1014
36 103 176
77 255 342
16 207 261
26 440 486
31 70 133
1 284 297
87 93 219
60 489 552
92 746 886
22 969 1020
42 482 539
44 115 171
58 957 1056
70 566 655
74 333 441
39 138 214
99 171 318
12 31 68
47 869 954
67 586 672
42 466 544
98 732 839
10 230 260
39 831 901
82 342 435
52 31 127
68 722 834
79 448 549
87 315 443
39 548 613
73 798 872
78 715 807
37 928 974
83 885 1016
63 332 438
66 978 1075
21 53 98
95 519 656
34 979 1032
82 264 357
81 571 697
62 433 507
76 273 361
88 239 340
93 701 803
13 513 567
91 624 746
16 440 494
48 462 516
82 406 504
44 395 444
7 820 840
58 990 1093
37 615 697
5 467 513
11 325 370
34 981 1058
87 801 901
20 476 517
65 275 389
48 120 214
32 730 787
45 419 510
26 564 600
31 187 259
61 337 403
21 292 348
44 778 869
37 870 955
61 653 719
27 331 362
86 631 721
79 442 563
59 797 892
66 666 748
82 939 1023
51 385 469
11 494 555
29 775 833
29 242 316
18 545 569
98 815 957
47 479 548
15 365 391
28 948 1022
96 913 1010
59 616 690
19 123 171
62 542 618
34 161 215
45 949 1032
80 759 875
19 139 179
29 501 535
35 227 273
71 589 691
36 324 382
49 869 945
72 362 470
97 910 1037
16 897 934
11 283 327
24 849 906
14 526 542
21 387 443
95 642 744
58 516 579
38 121 173
37 765 805
69 946 1047
70 459 541
14 937 982
8 969 1019
1 516 533
45 397 451
84 469 595
81 919 1029
36 819 859
99 587 713
79 543 667
82 263 391
53 24 90
55 440 498
88 44 174
88 232 353
46 494 577
49 867 957
86 690 795
30 177 256
70 855 972
75 32 147
26 948 991
21 509 555
21 138 193
67 72 177
95 848 954
27 613 690
75 51 135
43 87 137
7 602 623
41 422 503
80 599 719
72 115 230
46 210 265
15 370 416
5 386 393
70 353 434
70 461 536
83 576 695
99 998 1103
75 468 557
9 555 590
22 798 821
88 570 702
26 73 115
66 239 316
38 700 756
48 664 733
30 40 77
100 35 185
84 77 195
37 670 709
86 335 431
89 617 709
8 207 265
27 480 516
95 998 1096
17 840 897
36 299 337
84 750 883
21 373 408
10 135 153
47 820 904
84 134 225
51 222 313
10 25 84
56 827 891
21 403 450
91 539 640
36 128 176
2 485 503
32 365 406
58 621 719
51 568 622
59 62 123
62 835 912
67 399 481
44 541 598
15 966 998
65 267 342
47 372 423
12 804 840
87 829 937
10 559 582
54 961 1017
91 510 611
16 796 834
96 457 554
82 329 431
9 837 892
8 365 380
99 557 697
