450
1.0 1.9 1.1 2.0 1.1 
7 52 108
39 54 121
93 14 129
85 46 224
70 24 144
74 32 144
51 65 185
20 3 84
2 40 140
68 17 178
86 56 154
4 78 182
7 30 112
35 81 150
58 74 199
17 98 145
5 7 92
88 38 217
77 63 151
45 89 156
8 90 169
62 5 151
45 58 149
57 89 219
79 71 189
14 94 142
23 3 78
5 57 132
35 100 172
44 33 153
15 19 72
22 21 124
49 45 178
58 31 146
26 84 145
76 94 196
27 69 196
88 74 196
7 20 126
79 84 249
45 91 182
46 10 97
50 66 128
55 49 129
40 97 179
100 9 183
94 62 224
18 43 129
88 92 253
100 81 185
76 68 148
54 10 148
55 28 178
59 89 214
74 8 100
93 25 129
45 29 165
23 72 145
44 34 161
39 63 187
4 54 67
42 94 176
25 95 202
73 5 170
46 27 120
21 82 109
48 36 143
71 27 120
42 56 103
21 35 129
23 98 196
76 60 153
72 19 123
61 40 110
13 64 129
91 48 237
45 57 106
51 35 156
56 74 189
19 8 113
81 19 122
7 5 37
89 58 185
50 87 220
47 12 136
93 83 189
69 67 221
11 37 99
61 2 111
34 97 213
10 84 104
84 41 222
96 3 198
55 16 140
63 21 110
66 5 85
27 4 88
33 50 150
39 34 107
9 53 136
28 56 175
48 8 105
33 87 213
33 25 108
1 86 133
94 28 129
16 20 107
51 48 162
100 46 161
8 47 65
31 34 96
48 48 119
55 89 201
38 33 77
29 77 180
69 85 227
4 89 119
52 5 131
97 50 213
56 7 115
59 43 120
97 68 238
42 85 154
14 63 120
65 63 172
24 89 190
7 36 132
84 100 247
26 9 65
8 50 65
52 11 104
65 100 198
38 17 58
40 35 147
35 55 152
92 99 215
100 66 257
51 47 114
29 27 89
1 82 140
20 27 143
77 95 225
42 36 171
34 42 121
27 56 164
92 36 226
17 7 113
82 74 176
47 0 115
65 79 199
89 61 232
54 91 240
78 90 248
73 94 180
14 50 68
92 25 178
6 83 121
38 2 50
53 83 198
72 72 198
85 48 147
61 54 148
84 19 106
75 85 245
95 90 194
71 39 124
47 61 122
4 47 56
92 57 170
41 33 83
79 40 162
18 44 82
21 94 134
12 3 52
20 1 35
60 5 165
43 68 118
43 92 150
3 65 154
28 8 102
87 32 170
9 24 53
90 43 168
19 85 122
43 88 171
92 0 137
36 71 155
52 48 142
75 81 255
72 91 186
79 21 137
16 33 60
77 28 181
34 99 195
86 62 181
15 5 101
65 88 188
64 95 171
13 71 106
87 65 154
20 63 168
51 49 174
93 70 241
74 84 170
95 75 248
94 14 186
65 69 178
84 95 261
86 9 147
27 57 164
78 46 217
15 32 142
23 32 107
37 30 96
70 24 182
45 48 183
14 58 78
26 50 109
29 96 188
24 17 69
3 7 26
41 31 151
54 7 101
18 73 154
98 70 234
97 58 252
100 50 220
69 76 215
56 28 139
18 96 188
14 34 103
20 8 97
88 35 132
84 24 148
99 46 221
82 41 145
75 22 108
56 55 210
85 39 159
82 4 113
39 68 139
65 90 184
73 20 131
29 9 113
67 54 156
3 50 142
21 39 76
35 30 137
94 26 165
78 62 201
11 86 115
5 39 86
82 74 205
67 100 235
33 91 190
86 47 209
15 22 90
25 23 56
92 79 198
9 73 100
64 88 188
71 68 191
71 30 163
28 25 116
91 36 162
57 90 190
4 35 118
6 86 158
28 56 93
8 36 114
48 90 145
21 22 103
14 66 128
54 99 217
4 81 143
78 35 207
1 26 120
16 85 161
10 64 135
97 88 230
50 42 189
88 58 188
32 48 155
21 88 161
84 61 223
98 37 178
16 36 99
30 93 207
49 41 180
9 56 133
29 90 142
28 30 133
75 36 189
33 39 110
54 90 201
5 70 172
14 1 42
14 43 83
50 86 156
65 65 174
33 38 150
84 88 196
22 47 163
24 41 153
66 8 77
99 65 256
91 77 195
19 45 118
84 20 200
44 29 172
21 31 115
49 2 113
19 54 117
6 81 152
84 87 174
39 84 158
32 36 105
58 80 228
32 93 223
49 44 140
51 51 177
75 33 156
75 63 162
20 15 106
65 7 124
72 94 242
59 79 167
55 72 220
96 72 181
5 18 60
90 72 235
6 74 133
67 37 180
45 33 176
61 97 175
26 65 135
36 38 168
81 44 195
79 43 201
19 36 66
58 23 132
32 11 109
32 91 131
76 6 85
87 30 217
67 63 217
89 68 181
32 63 115
57 33 135
95 98 207
68 74 164
18 8 65
88 26 189
97 85 195
5 31 88
47 5 94
18 61 99
96 9 112
37 64 179
6 67 124
68 50 160
66 57 170
50 18 160
99 100 290
17 19 135
94 17 191
25 43 89
75 64 197
72 58 180
62 38 173
82 1 111
60 19 84
12 43 124
19 8 113
17 78 161
21 69 101
68 95 207
31 33 65
99 64 199
39 9 63
41 97 189
15 68 183
66 27 135
61 53 126
7 47 124
74 24 125
42 34 157
89 45 148
25 76 158
57 7 73
18 25 93
70 15 147
1 28 41
36 69 204
33 63 144
51 17 110
74 9 171
51 48 187
90 63 227
51 83 162
36 44 120
37 64 120
61 79 151
28 34 103
85 43 160
22 21 54
86 28 205
34 77 152
49 15 162
36 9 144
42 13 97
90 36 219
83 16 143
9 53 125
80 50 204
93 78 212
21 84 118
14 82 98
1 74 156
23 56 149
91 74 193
78 46 181
54 64 212
96 95 268
94 51 238
91 49 211
61 63 180
69 98 235
65 88 204
91 50 201
36 31 112
31 58 147
16 2 80
39 35 144
40 30 92
41 6 118
70 71 241
71 81 233
31 9 96
18 48 133
88 18 172
39 100 237
69 30 154
5 36 76
91 98 236
30 57 139
70 77 197
17 21 121
88 51 235
5 12 79
