450
1.2 1.0 1.18 1.74 0.78
341 676 1018
676 517 1194
517 453 991
453 991 1445
991 578 1570
578 132 711
132 466 729
466 729 1196
729 114 979
114 979 1094
979 9 989
9 157 993
157 993 1151
993 3 997
3 774 778
774 211 986
211 819 1031
819 436 1256
436 585 1022
585 346 932
346 701 1048
701 887 1589
887 289 1177
289 886 1176
886 999 1886
999 342 1342
342 478 821
478 350 829
350 324 675
324 513 838
513 599 1113
599 831 1431
831 990 1822
990 429 1420
429 552 982
552 838 1391
838 55 894
55 93 752
93 752 846
752 797 1550
797 598 1396
598 243 842
243 737 981
737 709 1447
709 495 1205
495 830 1326
830 139 970
139 225 654
225 654 880
654 246 901
246 192 491
192 491 876
491 876 1368
876 60 937
60 910 971
910 858 1769
858 456 1315
456 884 1341
884 105 990
105 980 1086
980 974 1955
974 323 1298
323 349 673
349 239 678
239 678 918
678 904 1583
904 62 967
62 726 789
726 647 1374
647 38 686
38 248 287
248 51 568
51 568 620
568 399 968
399 796 1196
796 331 1128
331 825 1157
825 716 1542
716 265 982
265 412 808
412 808 1221
808 334 1143
334 989 1324
989 762 1752
762 107 870
107 767 875
767 542 1310
542 970 1513
970 613 1584
613 611 1225
611 586 1198
586 857 1444
857 553 1411
553 142 696
142 187 330
187 54 242
54 168 937
168 937 1106
937 484 1422
484 260 745
260 197 458
197 409 659
409 659 1069
659 359 1019
359 158 518
158 471 732
471 732 1204
732 247 980
247 749 997
749 103 853
103 210 695
210 695 906
695 325 1021
325 526 961
526 961 1488
961 332 1294
332 746 1079
746 906 1653
906 186 1093
186 748 935
748 454 1203
454 724 1179
724 657 1382
657 178 864
178 864 1043
864 783 1648
783 713 1497
713 162 876
162 597 822
597 822 1420
822 641 1464
641 872 1514
872 852 1725
852 275 1128
275 269 929
269 929 1199
929 521 1451
521 121 643
121 352 474
352 74 924
74 924 999
924 712 1637
712 101 814
101 176 501
176 501 678
501 5 507
5 441 447
441 198 760
198 760 959
760 475 1236
475 207 683
207 569 777
569 286 856
286 807 1094
807 370 1178
370 460 831
460 109 570
109 355 593
355 593 949
593 546 1140
546 464 1011
464 881 1346
881 795 1677
795 908 1704
908 574 1483
574 520 1095
520 863 1384
863 946 1810
946 614 1561
614 234 849
234 140 449
140 449 590
449 531 981
531 36 568
36 459 496
459 24 899
24 899 924
899 670 1570
670 518 1189
518 577 1096
577 120 698
120 272 434
272 434 896
434 896 1331
896 83 980
83 56 545
56 545 949
545 949 1495
949 693 1643
693 134 828
134 472 607
472 416 889
416 666 1083
666 941 1608
941 483 1425
483 291 853
291 853 1145
853 782 1636
782 623 1406
623 362 986
362 502 865
502 381 884
381 596 978
596 584 1181
584 386 971
386 499 963
499 963 1463
963 847 1811
847 322 1170
322 467 790
467 766 1234
766 594 1361
594 776 1371
776 357 1134
357 438 796
438 1 440
1 63 564
63 564 628
564 317 882
317 89 522
89 522 612
522 378 901
378 625 1004
625 744 1370
744 800 1545
800 314 1115
314 319 743
319 743 1063
743 353 1097
353 126 841
126 841 968
841 561 1403
561 31 874
31 874 906
874 358 1233
358 137 496
137 59 220
59 220 960
220 960 1181
960 138 1099
138 587 866
587 866 1454
866 516 1383
516 687 1204
687 619 1307
619 175 795
175 620 796
620 257 878
257 527 785
527 274 802
274 681 956
681 573 1255
573 90 664
90 481 572
481 405 887
405 697 1103
697 628 1326
628 81 756
81 756 838
756 129 886
129 637 962
637 962 1600
962 189 1152
189 407 597
407 108 755
108 755 945
755 945 1701
945 318 1264
318 339 658
339 417 757
417 431 849
431 301 733
301 361 663
361 179 602
179 602 782
602 665 1268
665 285 951
285 283 964
283 964 1248
964 606 1571
606 684 1291
684 633 1318
633 292 926
292 313 833
313 833 1147
833 356 1190
356 846 1203
846 242 1089
242 282 700
282 700 983
700 53 754
53 232 328
232 328 645
328 645 974
645 41 687
41 327 477
327 477 805
477 794 1272
794 806 1601
806 445 1252
445 133 579
133 364 882
364 882 1247
882 206 1089
206 408 615
408 193 927
193 927 1121
927 668 1596
668 6 675
6 306 486
306 486 793
486 182 669
182 390 591
390 591 982
591 152 744
152 299 805
299 805 1105
805 389 1195
389 249 639
249 262 920
262 920 1183
920 652 1573
652 485 1138
485 750 1236
750 894 1645
894 845 1740
845 600 1446
600 496 1097
496 215 712
215 589 997
589 997 1587
997 524 1522
524 479 1004
479 167 647
167 199 512
199 512 712
512 171 684
171 538 710
538 240 787
240 787 1028
787 571 1359
571 942 1514
942 950 1893
950 740 1691
740 968 1709
968 901 1870
901 835 1737
835 508 1344
508 21 682
21 682 704
682 143 826
143 540 916
540 916 1457
916 468 1385
468 735 1204
735 883 1619
883 506 1390
506 711 1218
711 839 1551
839 451 1291
451 804 1256
804 791 1596
791 288 1080
288 698 987
698 777 1476
777 660 1438
660 976 1637
976 955 1932
955 727 1683
727 759 1487
759 80 953
80 953 1034
953 161 1115
161 64 226
64 224 669
224 669 894
669 448 1118
448 656 1105
656 270 927
270 829 1100
829 914 1744
914 554 1469
554 250 805
250 549 975
549 975 1525
975 605 1581
605 837 1443
837 570 1408
570 868 1439
868 998 1867
998 348 1347
348 337 686
337 309 647
309 505 815
505 410 916
410 849 1260
849 685 1535
685 686 1372
686 646 1333
646 616 1263
616 836 1453
836 236 1073
236 834 1071
834 238 1073
238 856 1095
856 773 1630
773 675 1449
675 79 755
79 94 174
94 13 708
13 708 722
708 276 995
276 995 1272
995 487 1483
487 52 540
52 290 376
290 376 667
376 395 772
395 27 423
27 66 788
66 788 855
788 639 1428
639 340 980
340 725 1066
725 446 1172
446 170 921
170 921 1092
921 792 1714
792 61 854
61 810 872
810 367 1178
367 92 842
92 842 935
842 680 1523
680 127 808
127 720 848
720 741 1462
741 226 968
226 415 642
415 510 934
510 934 1445
934 420 1355
420 763 1184
763 821 1585
821 707 1529
707 983 1691
983 912 1896
912 590 1503
590 488 1079
488 888 1377
