300
1.0 1.3968582090029664 1.541253334581178 1.4931159793050874 1.4253556966999867
123 1112 1237
132 2308 2504
116 539 673
141 4200 4376
115 1877 2027
123 1538 1691
97 2751 2893
94 1829 1967
111 127 244
118 1089 1267
95 1467 1590
146 723 903
114 1284 1410
142 1508 1653
145 1610 1757
130 2898 3105
141 844 1066
108 1974 2086
93 4608 4776
101 1851 1992
116 496 620
102 61 168
112 1574 1772
132 2414 2586
152 3321 3538
123 2017 2144
88 2790 2977
121 1636 1863
128 1479 1626
124 3611 3775
134 2503 2680
148 4199 4434
110 472 595
137 1645 1845
136 147 312
94 1844 1944
108 878 994
73 2306 2423
118 1042 1220
163 2356 2585
125 2658 2793
127 1752 1902
130 920 1107
133 2057 2191
114 3071 3209
112 4100 4295
137 1019 1225
146 2266 2426
155 1058 1245
145 2581 2771
105 203 313
104 3052 3165
148 4527 4744
130 1448 1602
109 953 1130
117 507 668
115 3167 3360
142 321 544
107 399 537
109 1275 1421
92 99 244
110 4527 4643
135 2817 2996
115 1707 1833
162 1620 1815
110 1565 1733
127 1022 1161
122 710 860
136 1539 1713
110 2035 2194
108 278 487
160 3123 3321
118 2355 2520
148 1903 2083
115 1521 1698
129 584 723
96 2505 2614
126 2171 2340
111 2648 2793
90 1823 1943
85 622 717
98 4383 4554
113 146 288
80 5104 5244
115 1857 2017
131 2420 2571
102 1119 1273
99 70 215
118 89 209
111 1098 1267
124 195 332
89 1443 1564
130 3167 3356
96 2836 2978
131 2312 2453
107 179 330
157 2681 2854
129 2526 2691
116 515 677
106 2049 2182
148 3185 3348
108 1503 1638
124 1134 1277
134 1134 1346
120 2349 2540
119 1397 1529
150 4311 4530
111 850 978
137 1378 1577
119 1629 1807
115 4001 4139
122 1163 1334
139 1221 1391
104 2371 2483
119 639 771
125 1039 1224
121 6134 6278
99 402 575
123 1010 1135
103 985 1175
137 1411 1627
100 155 311
130 1903 2068
111 1066 1253
124 687 838
88 1099 1192
112 1168 1309
122 1202 1371
100 3132 3253
145 1848 2033
126 2608 2747
131 2638 2771
98 248 410
94 359 497
106 2253 2379
97 2841 2976
139 473 625
109 2484 2643
104 360 490
125 3409 3547
121 533 682
134 2154 2337
97 503 606
144 1387 1584
121 2028 2220
112 1730 1871
117 1967 2105
90 977 1109
116 772 927
112 121 252
129 2991 3175
100 5256 5361
110 4165 4308
119 3625 3805
144 1974 2159
111 2533 2655
113 4807 4954
107 1409 1540
160 2500 2678
131 1872 2084
135 2856 3017
121 2189 2340
133 1597 1730
130 1554 1709
95 1157 1319
108 3326 3442
132 347 517
99 1953 2068
137 49 243
82 2504 2613
127 4589 4763
94 2392 2525
136 1042 1217
113 2380 2585
98 1989 2103
115 1417 1536
145 4641 4833
138 1489 1629
139 2333 2527
108 1769 1898
149 2957 3117
112 2296 2447
109 1860 2020
110 1386 1542
148 1424 1609
104 1643 1781
125 1811 1973
87 1323 1446
130 4387 4537
112 372 524
114 1612 1734
111 1899 2046
95 941 1041
125 2661 2831
118 1980 2135
124 1935 2068
127 115 283
147 48 252
97 2133 2356
146 241 461
145 1215 1479
100 1581 1711
135 1236 1381
115 515 695
146 1613 1761
117 3586 3712
133 891 1082
127 5039 5201
146 1599 1794
126 1693 1879
145 2885 3049
146 2247 2404
141 1966 2108
116 1663 1818
115 2417 2595
126 171 300
93 1232 1332
98 99 243
133 4235 4414
122 473 657
111 2259 2374
99 2309 2467
124 2666 2823
118 852 1042
128 553 722
103 1481 1673
104 1394 1529
120 3217 3357
130 1966 2164
107 625 753
153 354 531
127 819 946
122 1867 2025
125 243 435
117 684 818
103 1424 1577
105 995 1154
121 2293 2462
138 930 1093
109 709 825
127 2842 2987
131 2074 2258
153 685 872
111 1434 1603
122 854 988
123 1550 1784
94 688 830
107 4192 4341
112 2717 2865
122 2249 2416
132 2280 2429
137 4849 4989
118 598 762
153 2439 2637
130 842 1005
163 2860 3037
104 1000 1175
101 2499 2642
108 3553 3680
138 124 298
151 3842 4027
121 3825 4000
117 2385 2544
115 2021 2147
120 2239 2413
129 1143 1308
166 1821 1998
108 736 922
129 2931 3060
121 3190 3324
167 3139 3340
112 813 955
80 2257 2347
120 1242 1403
136 2148 2326
128 1929 2137
92 1243 1404
170 1769 1962
103 614 824
111 1850 2014
98 4852 4984
143 2134 2304
140 2155 2300
115 1199 1356
128 800 931
135 2685 2830
128 2799 2968
142 1464 1613
167 2060 2255
115 1449 1610
97 1822 1977
113 419 580
114 1852 1991
88 1610 1719
128 62 226
135 584 737
105 2436 2594
99 3224 3348
87 830 935
119 1782 1951
