300
1.0 1.6 1.6 1.1 1.3 
49 175 266
42 131 423
23 135 246
38 46 98
14 16 174
11 13 106
41 141 230
48 20 296
24 100 142
36 64 117
19 20 74
30 149 277
33 30 75
15 11 172
5 56 71
9 39 102
23 144 194
7 52 107
44 150 205
40 79 140
45 21 284
42 35 235
20 13 65
15 6 48
9 30 46
37 69 128
47 32 181
33 79 112
25 136 298
50 52 401
17 27 56
18 2 57
29 114 172
17 23 136
21 139 219
13 21 175
23 111 195
38 55 98
41 185 494
13 25 107
20 4 52
23 139 354
49 234 341
18 18 146
40 74 115
50 179 242
31 36 97
8 44 52
30 78 165
35 69 131
43 99 336
13 15 141
2 60 74
33 64 110
16 11 172
19 28 123
36 72 111
18 18 67
41 69 363
31 30 64
16 19 84
47 121 194
7 51 103
12 26 68
8 50 145
26 128 317
2 57 79
49 62 212
11 19 159
29 104 253
27 123 181
40 35 103
19 11 171
48 61 274
38 47 100
17 2 145
22 143 324
24 113 173
27 107 263
30 96 309
49 25 156
33 60 94
22 138 173
15 30 137
9 35 56
6 34 47
22 76 252
39 47 91
20 15 150
46 67 412
47 207 335
7 30 58
49 192 399
31 33 83
15 3 162
41 228 333
13 29 173
31 85 122
9 31 121
50 50 268
40 60 111
12 9 131
39 40 98
38 64 119
21 112 338
5 41 124
8 56 115
24 113 207
23 141 167
48 118 227
8 50 60
25 78 256
23 85 141
23 82 259
19 27 154
7 31 68
38 78 139
40 60 106
47 66 215
13 10 45
3 59 76
37 36 101
49 126 447
48 201 344
6 33 39
11 21 41
25 70 164
16 5 44
6 49 109
30 91 306
4 54 131
5 51 138
47 191 407
8 31 116
36 57 105
24 84 192
49 110 450
35 85 129
10 47 133
6 52 120
7 57 72
8 32 50
15 10 120
47 180 277
39 60 115
22 89 201
8 30 53
17 14 116
21 113 331
23 129 320
7 58 144
42 193 454
29 73 292
10 39 58
36 83 124
22 66 234
11 3 90
23 98 222
34 54 95
15 23 149
8 60 102
18 27 172
2 54 63
23 139 366
27 146 279
2 34 93
40 70 121
50 59 386
1 39 72
11 23 71
37 30 85
39 41 87
42 125 335
25 130 303
26 150 280
28 133 181
16 10 26
2 49 99
5 38 92
15 4 81
17 24 139
11 0 152
29 68 104
3 43 127
41 232 392
25 83 286
14 30 179
3 36 105
6 49 67
32 37 92
18 21 99
33 87 141
47 87 199
23 127 241
31 34 79
5 38 44
40 64 133
14 3 163
36 35 100
5 46 113
17 22 129
20 21 88
26 90 274
32 81 118
47 99 254
43 92 163
18 30 166
17 9 90
41 168 223
50 154 254
13 25 71
25 81 202
28 147 233
16 23 137
33 60 106
1 54 90
29 102 312
28 117 305
25 142 282
9 55 74
42 234 457
26 74 225
20 1 133
16 7 77
28 61 273
21 92 150
10 46 76
40 76 126
34 53 89
47 142 426
41 30 201
25 95 180
8 45 130
7 46 109
29 72 157
25 77 218
29 97 234
32 53 110
35 41 88
11 1 31
36 88 138
11 15 47
12 3 56
39 76 133
45 165 445
12 25 152
10 52 86
39 47 113
34 36 86
48 213 476
10 49 96
35 34 91
18 1 47
46 94 369
37 35 93
8 38 132
45 122 182
26 67 224
40 55 96
38 73 137
46 102 339
3 45 115
13 4 89
28 130 214
18 24 139
33 71 116
33 38 77
11 7 43
24 89 224
39 37 92
37 43 110
34 63 102
9 31 46
7 37 72
27 98 299
5 49 59
13 28 51
46 17 271
12 13 48
47 38 274
14 13 43
36 51 109
22 76 273
15 28 129
28 133 360
22 106 331
9 36 70
44 4 162
33 38 100
38 52 96
25 81 173
13 16 155
8 47 76
11 5 20
43 167 335
10 38 89
26 62 232
14 9 115
30 111 320
27 101 128
