400
1.99 0.99 1.05 1.52 1.0
444 52 883
52 883 936
883 421 1305
421 838 1260
838 466 1305
466 168 635
168 250 867
250 867 1118
867 771 1639
771 783 1555
783 432 1216
432 534 967
534 426 997
426 997 1424
997 903 1901
903 982 1886
982 558 1541
558 238 849
238 849 1088
849 291 1141
291 541 833
541 92 634
92 321 831
321 831 1153
831 525 1357
525 306 832
306 235 542
235 535 771
535 351 887
351 197 549
197 373 571
373 390 764
390 175 566
175 19 280
19 280 300
280 225 519
225 519 745
519 674 1194
674 414 1089
414 621 1036
621 764 1386
764 367 1132
367 51 465
51 465 946
465 946 1412
946 257 1204
257 806 1064
806 188 995
188 744 933
744 237 982
237 102 738
102 738 841
738 79 818
79 772 852
772 578 1351
578 590 1169
590 778 1369
778 463 1242
463 80 611
80 611 692
611 160 772
160 447 608
447 271 719
271 456 921
456 921 1378
921 667 1589
667 653 1321
653 819 1473
819 265 1085
265 281 547
281 46 328
46 233 280
233 26 260
26 145 649
145 649 795
649 731 1381
731 251 983
251 835 1087
835 743 1579
743 913 1657
913 966 1880
966 891 1858
891 780 1672
780 925 1706
925 258 1184
258 22 739
22 739 762
739 184 924
184 253 438
253 315 662
315 662 978
662 809 1472
809 727 1537
727 430 1158
430 661 1092
661 603 1265
603 644 1248
644 393 1038
393 896 1290
896 131 1028
131 629 761
629 203 833
203 408 612
408 309 718
309 388 698
388 434 823
434 12 447
12 136 933
136 933 1070
933 634 1568
634 826 1461
826 482 1309
482 737 1220
737 554 1292
554 676 1231
676 140 817
140 467 608
467 48 516
48 360 785
360 785 1146
785 512 1298
512 542 1055
542 589 1132
589 842 1432
842 138 981
138 289 799
289 799 1089
799 977 1777
977 162 1140
162 503 973
503 973 1477
973 820 1794
820 593 1414
593 213 807
213 683 897
683 207 891
207 792 1000
792 722 1515
722 964 1687
964 884 1849
884 894 1779
894 615 1510
615 276 892
276 789 1066
789 361 1151
361 714 1076
714 517 1232
517 72 590
72 193 844
193 844 1038
844 650 1495
650 936 1587
936 416 1353
416 931 1348
931 211 1143
211 293 505
293 127 421
127 314 442
314 417 732
417 685 1103
685 505 1191
505 386 892
386 734 1121
734 890 1625
890 395 1286
395 633 1029
633 687 1321
687 529 1217
529 132 662
132 154 287
154 221 605
221 605 827
605 571 1177
571 438 1010
438 216 992
216 992 1209
992 583 1576
583 442 1026
442 762 1205
762 336 1099
336 825 1162
825 804 1630
804 874 1679
874 833 1708
833 678 1512
678 342 1021
342 82 899
82 899 982
899 419 1319
419 83 599
83 599 683
599 299 899
299 365 939
365 939 1305
939 745 1685
745 872 1618
872 670 1543
670 530 1201
530 36 837
36 837 874
837 374 1212
374 431 806
431 155 587
155 353 586
353 586 940
586 248 835
248 14 263
14 107 300
107 300 845
300 845 1146
845 781 1627
781 955 1737
955 98 1054
98 817 922
817 922 1740
922 956 1879
956 123 1080
123 866 990
866 963 1830
963 74 1038
74 8 597
8 597 606
597 180 778
180 723 904
723 214 938
214 481 696
481 245 727
245 584 830
584 675 1260
675 647 1323
647 405 1053
405 915 1321
915 117 1033
117 20 210
20 210 231
210 125 336
125 311 911
311 911 1223
911 42 981
42 981 1024
981 247 1229
247 856 1104
856 697 1554
697 34 816
34 816 851
816 497 1314
497 420 918
420 254 675
254 536 791
536 78 615
78 44 502
44 502 916
502 916 1419
916 252 1169
252 71 822
71 822 894
822 610 1433
610 514 1125
514 677 1192
677 901 1579
901 626 1528
626 897 1524
897 742 1640
742 875 1618
875 263 1139
263 32 296
32 192 905
192 905 1098
905 402 1308
402 858 1261
858 998 1857
998 273 1272
273 358 632
358 614 973
614 942 1557
942 636 1579
636 112 749
112 144 511
144 511 656
511 73 585
73 559 633
559 16 873
16 873 890
873 547 1421
547 218 766
218 189 929
189 929 1119
929 469 1399
469 324 794
324 790 1115
790 639 1430
639 672 1312
672 159 832
159 329 753
329 753 1083
753 58 812
58 381 716
381 716 1098
716 877 1594
877 651 1529
651 105 757
105 445 974
445 974 1420
974 635 1610
635 334 970
334 307 642
307 433 983
433 983 1417
983 855 1839
855 665 1521
665 895 1561
895 38 934
38 664 784
664 784 1449
784 1000 1785
1000 830 1831
830 754 1585
754 812 1567
812 658 1471
658 137 796
137 556 694
556 152 709
152 202 694
202 694 897
694 423 1118
423 33 968
33 968 1002
968 84 1053
84 563 648
563 199 794
199 794 994
794 410 1205
410 540 951
540 795 1336
795 909 1705
909 81 991
81 76 195
76 195 272
195 226 422
226 403 938
403 938 1342
938 103 1042
103 370 488
370 488 859
488 346 835
346 345 692
345 510 856
510 691 1202
691 47 739
47 490 538
490 69 560
69 344 414
344 296 641
296 294 591
294 242 995
242 995 1238
995 850 1846
850 61 912
61 684 746
684 572 1257
572 312 885
312 570 883
570 215 786
215 443 659
443 275 719
275 498 950
498 950 1449
950 491 1442
491 680 1172
680 5 686
5 305 311
305 122 428
122 288 476
288 476 765
476 624 1101
624 451 1076
451 57 509
57 450 960
450 960 1411
960 163 1124
163 478 642
478 385 876
385 876 1262
876 865 1742
865 752 1618
752 440 1193
440 761 1202
761 673 1435
673 454 1128
454 186 641
186 146 617
146 617 776
617 776 1394
776 176 953
176 606 783
606 507 1114
507 787 1295
787 725 1513
725 701 1427
701 63 765
