400
1.5 1.4 1.3 1.0 1.0
8 111 852
63 87 151
50 161 211
79 114 193
46 107 156
55 77 138
40 336 378
63 400 1379
62 200 265
60 250 320
103 488 601
7 16 35
26 448 478
68 101 176
95 293 805
96 307 419
63 284 360
78 82 178
114 440 559
66 328 405
39 108 151
57 380 885
3 17 26
62 288 362
47 388 440
80 243 339
111 290 424
59 152 231
64 473 697
113 148 274
90 326 440
37 169 235
61 166 235
6 378 393
59 273 357
47 463 794
119 461 582
117 248 386
136 335 488
93 322 438
133 165 329
121 336 487
53 177 510
85 356 484
7 16 51
49 412 500
129 132 274
64 436 537
75 97 218
87 355 1332
145 300 448
64 65 177
106 249 405
143 366 537
77 218 329
5 238 248
107 361 569
139 251 406
91 381 529
129 217 352
99 4 113
126 402 541
111 302 436
66 140 691
158 308 483
157 370 587
9 273 326
157 17 242
98 233 383
91 348 462
98 281 636
116 234 368
112 419 570
132 78 274
95 186 351
151 322 532
150 37 215
7 73 248
159 337 496
109 307 480
134 41 256
88 5 157
92 99 262
124 416 591
118 100 952
108 216 372
151 377 585
100 154 257
6 277 309
144 293 470
166 71 289
109 180 742
157 296 529
162 328 583
134 367 508
122 168 381
161 201 434
111 327 517
124 214 1135
8 263 333
141 49 247
183 58 338
140 126 365
119 304 524
127 187 385
166 306 683
157 389 633
189 25 322
176 58 309
178 181 430
8 225 326
124 84 209
138 105 1071
174 366 554
115 65 274
191 40 293
204 290 500
195 58 365
134 76 327
209 57 779
216 53 307
1 217 286
143 67 229
148 181 398
143 363 620
215 196 485
182 296 1310
130 55 245
214 222 456
135 307 544
192 292 559
221 224 497
8 252 284
221 20 1028
154 99 334
201 65 330
200 304 607
231 252 595
221 330 649
204 67 305
145 131 565
198 287 622
198 117 438
7 83 197
215 122 363
223 71 370
166 337 634
206 236 630
178 66 330
220 177 439
236 335 652
246 59 359
174 285 549
174 27 239
5 228 418
236 260 547
177 328 511
170 218 431
214 208 495
172 5 302
218 190 493
224 267 1164
197 331 583
175 8 221
225 142 486
5 155 204
181 329 549
247 17 285
181 238 839
244 83 365
185 297 548
207 121 450
234 53 433
200 173 467
229 288 531
189 302 736
4 16 31
194 135 351
198 199 496
212 98 393
195 192 487
191 295 590
215 171 1240
246 18 374
251 168 492
281 112 516
202 313 596
5 67 238
254 46 440
199 267 1438
267 174 477
217 188 405
251 43 441
227 137 444
231 121 372
273 255 673
206 232 876
223 21 279
10 234 245
280 256 583
245 13 326
247 259 585
271 242 594
213 286 609
242 296 742
260 193 545
286 181 502
219 24 300
246 220 675
9 83 137
265 251 996
291 85 420
284 165 602
295 153 529
276 104 508
268 91 433
232 277 680
243 133 617
304 166 572
279 117 606
2 73 208
300 19 457
255 158 435
283 253 584
274 210 1259
279 179 575
299 148 498
319 202 546
279 92 478
318 193 595
310 92 447
3 211 567
307 79 464
252 207 542
280 68 502
321 30 436
288 11 401
283 190 599
284 108 615
254 40 404
336 160 584
250 7 366
1 217 233
300 43 402
280 45 538
326 254 1562
248 219 639
345 128 620
291 154 647
332 60 493
290 54 439
334 246 763
282 14 1272
10 10 226
283 197 658
262 57 506
295 70 516
344 186 573
309 59 623
353 7 773
351 230 622
335 115 607
292 160 584
296 77 532
2 201 334
358 232 759
323 32 913
345 92 545
363 221 623
288 80 539
271 114 555
307 164 500
326 126 717
354 64 1373
341 197 634
4 54 148
357 75 546
286 72 416
359 114 695
287 121 531
333 88 1028
305 199 655
353 33 464
324 137 651
339 46 593
371 109 507
1 62 137
299 51 1178
380 1 572
327 66 524
377 4 618
296 197 496
301 84 560
369 4 653
344 28 1035
359 155 721
366 195 656
9 141 353
368 121 640
340 68 472
376 6 563
361 18 1081
375 96 493
377 40 569
400 187 685
340 72 423
400 44 661
334 88 599
5 109 274
397 175 830
389 164 819
392 112 712
332 75 573
379 83 466
328 181 570
365 133 755
362 124 573
362 163 781
385 35 563
10 157 465
391 64 685
405 118 621
346 165 673
370 150 528
372 139 531
391 5 504
406 171 773
378 118 769
348 103 609
426 170 1072
5 26 315
384 22 535
380 115 743
347 165 753
364 6 445
394 62 635
355 151 824
427 3 460
436 21 551
393 88 525
351 6 511
8 105 433
423 123 840
409 56 823
444 139 688
423 39 489
422 36 729
413 72 816
438 114 621
391 66 800
351 103 752
371 121 694
10 145 457
399 114 776
435 48 544
390 142 532
378 74 796
442 37 713
402 80 566
428 71 802
409 52 513
445 60 847
420 57 759
4 129 378
461 85 1321
373 60 747
439 28 539
446 16 480
406 132 645
396 114 682
396 29 636
409 31 726
467 116 778
386 100 498
8 107 289
453 10 467
410 100 626
425 109 654
422 13 1308
470 13 844
423 70 588
398 25 731
448 36 855
479 64 698
428 78 612
3 42 386
466 59 878
431 88 550
460 82 782
396 13 617
450 56 769
407 76 718
406 24 1242
406 3 429
467 97 788
399 49 834
4 48 213
400 33 761
451 12 588
454 76 1419
