50
1.0 1.8 1.5 1.4 1.0 
41 52 145
24 81 117
68 4 99
71 47 197
18 64 141
29 81 166
31 92 178
63 55 158
35 27 154
52 40 185
15 36 127
28 41 87
18 60 112
72 53 174
78 5 95
68 13 169
79 35 211
9 79 129
54 70 193
80 66 202
52 16 126
86 46 152
84 22 154
16 16 99
32 94 145
80 42 193
66 22 121
66 48 202
47 47 149
84 83 224
95 18 169
67 88 250
78 71 175
88 13 102
83 93 178
97 6 154
52 21 111
30 98 187
26 33 80
35 45 101
35 88 214
25 12 71
6 23 102
89 41 192
70 22 144
33 4 41
90 26 191
31 23 149
6 82 183
80 34 204
