400
1.65 2.17 1.00 1.35 1.47
88 68 183
100 68 202
12 63 139
21 93 168
63 100 171
15 58 90
17 28 201
39 52 196
97 45 149
97 100 247
27 30 230
13 74 221
74 64 220
99 93 198
18 43 203
70 94 203
92 87 185
54 66 191
6 87 202
27 49 218
21 9 62
61 55 213
100 77 222
6 35 185
45 22 112
42 94 199
72 88 248
66 28 132
72 27 129
95 21 244
75 86 233
67 6 96
78 3 131
80 50 183
90 55 205
24 47 214
51 55 212
59 23 193
69 65 180
7 6 153
20 31 125
11 28 151
91 50 166
73 36 211
84 25 247
80 82 179
29 62 210
45 32 114
32 22 228
58 32 232
17 10 32
89 19 159
90 69 171
40 94 243
78 97 178
68 32 124
86 44 209
61 57 190
5 70 101
38 34 220
60 55 168
58 50 243
28 75 111
70 30 190
84 98 237
88 75 243
74 69 156
4 45 178
59 84 159
26 67 239
84 62 162
71 68 211
53 80 139
48 52 228
46 28 210
94 61 214
30 18 48
39 15 209
66 32 234
43 100 159
90 37 146
17 58 127
68 61 241
38 27 72
64 23 223
85 73 250
62 15 79
10 47 57
3 28 214
21 62 181
42 80 217
10 19 180
23 78 182
15 18 223
69 1 244
73 71 233
20 67 197
79 43 244
64 62 179
60 45 185
57 88 199
100 15 144
89 21 220
54 21 110
5 81 144
49 23 117
31 71 171
60 59 141
23 51 221
16 92 214
16 94 114
29 9 46
11 22 182
59 24 194
15 19 35
19 74 142
43 14 214
68 93 183
71 75 210
73 3 103
57 57 137
90 1 196
69 39 180
84 83 240
85 41 147
92 39 250
38 16 178
39 91 197
78 7 132
35 9 212
79 66 185
96 15 193
69 82 165
20 67 222
8 3 140
12 30 147
87 60 152
65 81 242
51 8 189
63 69 164
96 83 232
75 90 238
76 23 246
34 18 207
75 23 196
17 97 162
96 37 166
38 51 242
96 15 213
65 34 100
12 37 178
18 81 109
73 65 168
38 19 83
76 52 209
62 99 238
100 14 184
92 74 173
58 33 129
3 27 134
60 97 247
88 77 212
46 72 181
23 78 169
6 36 146
21 89 199
43 24 82
98 16 225
4 86 157
56 25 188
49 3 232
80 90 210
71 86 194
64 6 88
8 19 33
41 83 191
56 34 175
66 83 195
26 32 228
81 82 164
73 18 211
61 44 169
84 80 192
27 9 145
46 60 136
48 70 181
46 18 110
96 74 191
21 70 241
19 17 110
64 71 223
100 65 217
10 28 136
72 22 134
74 43 158
25 68 198
39 57 249
26 81 161
57 94 167
66 65 211
41 38 145
76 37 127
4 21 96
33 32 237
4 57 144
36 40 196
91 4 158
82 3 152
15 57 104
33 95 162
18 2 129
97 50 209
26 30 86
79 47 151
42 88 220
35 7 111
50 15 157
85 87 237
84 10 133
62 84 213
45 13 124
47 99 249
17 25 245
62 23 89
8 78 92
69 6 151
55 18 189
99 85 196
98 53 226
38 76 212
88 58 168
82 71 176
99 36 231
46 11 89
1 59 118
4 64 110
64 50 170
51 59 140
49 86 167
86 19 222
54 11 166
24 19 135
64 46 146
78 30 156
8 34 47
11 19 197
33 7 171
65 44 239
91 67 177
56 73 206
25 38 170
77 53 220
97 88 219
40 26 208
69 21 99
18 92 151
11 76 113
53 48 203
38 7 98
91 23 194
45 22 145
62 41 197
99 85 218
4 27 41
94 33 195
81 68 192
66 4 117
71 14 184
82 39 238
70 86 176
36 3 93
35 65 127
31 36 222
48 76 149
100 82 231
31 82 205
59 82 147
28 23 57
39 4 53
1 71 244
34 93 185
94 99 212
91 60 242
62 91 205
87 33 160
89 28 150
10 6 98
48 99 154
21 46 143
94 79 200
36 41 149
85 20 111
78 19 178
81 100 192
71 64 201
99 75 222
37 26 217
90 35 195
93 58 155
25 10 72
82 46 152
1 60 73
66 97 203
93 96 217
61 87 223
79 29 204
45 88 181
52 66 165
29 19 131
42 82 226
28 95 211
12 43 123
66 2 74
59 11 214
47 24 164
71 18 177
44 85 162
5 95 204
17 63 135
97 78 238
17 3 62
86 57 207
86 97 197
80 92 249
84 4 110
2 18 132
49 67 136
38 17 143
47 50 112
35 89 168
1 78 240
13 94 210
53 83 218
32 18 110
97 48 232
75 40 134
35 85 138
94 50 199
70 10 166
6 54 138
13 70 89
7 34 153
22 27 85
25 45 120
15 36 78
46 9 219
79 35 193
16 100 242
64 9 196
100 25 155
23 1 134
89 0 245
78 55 220
87 30 206
26 63 135
53 73 240
39 6 245
14 82 132
23 22 243
11 76 104
5 9 222
54 70 160
53 30 185
86 42 136
62 38 212
61 84 201
35 24 171
99 78 215
17 0 101
75 0 122
20 47 83
36 43 195
90 70 206
22 5 168
43 53 218
11 62 219
44 93 152
28 60 120
57 42 203
99 35 211
60 85 245
72 90 214
81 83 203
91 72 249
44 46 215
60 14 193
18 15 247
65 57 174
18 13 64
8 33 89
74 6 225
13 25 230
38 32 77
38 10 106
89 45 202
81 78 241
29 82 143
63 81 169
46 88 195
93 17 125