200
1.0 1.4 1.6 1.2 1.4 
79 26 129
30 13 121
37 89 175
21 82 138
1 73 123
41 14 79
56 49 110
54 20 137
73 84 247
17 79 190
1 69 159
19 15 35
78 91 225
100 5 153
54 7 124
11 86 147
26 75 136
77 80 220
88 29 197
71 86 238
17 68 170
63 92 211
57 87 216
15 46 92
79 28 123
18 44 105
1 95 110
70 26 120
52 28 149
56 81 153
48 8 84
50 96 220
47 76 153
69 32 128
55 32 111
94 79 248
85 7 113
14 82 163
17 62 143
2 66 144
9 49 148
26 4 66
31 3 104
28 49 101
45 67 180
24 2 107
4 18 110
10 78 127
38 44 151
94 0 119
9 82 103
20 41 98
32 60 130
91 62 189
40 56 133
3 23 63
57 30 111
17 78 165
45 5 145
61 25 171
55 7 133
37 30 78
32 32 104
92 76 234
74 65 157
76 85 200
74 11 112
54 15 136
22 100 209
31 20 125
3 54 138
57 42 150
76 72 163
11 32 88
30 86 158
90 56 179
84 7 183
34 83 177
51 28 177
43 32 137
71 55 195
19 49 71
4 72 112
17 67 141
60 91 246
33 48 119
86 49 181
42 38 86
100 87 249
97 49 244
70 65 141
56 47 166
66 33 100
73 7 152
88 50 225
71 30 197
1 21 95
99 30 182
38 11 67
35 42 126
27 66 192
27 24 113
9 12 91
95 2 114
28 60 98
8 67 107
32 7 74
79 49 133
19 57 143
85 92 254
86 12 151
40 19 132
93 51 156
100 11 162
80 30 189
82 63 188
10 9 63
69 51 158
66 86 204
24 78 183
76 9 100
51 91 175
79 93 202
78 8 121
86 23 185
80 67 211
82 50 137
49 24 160
20 34 127
53 88 171
45 64 165
94 13 188
59 53 124
48 40 137
90 15 133
91 61 160
53 80 145
95 43 210
51 54 184
76 7 87
92 8 153
48 16 129
3 63 101
96 25 184
71 61 186
74 21 189
38 0 124
23 89 171
75 92 183
22 1 76
48 43 190
86 37 221
73 28 170
52 94 158
33 91 173
5 14 23
64 36 141
9 39 80
69 14 100
19 10 33
32 80 116
80 37 191
73 49 204
35 69 131
29 76 185
93 42 158
17 12 55
7 42 135
89 34 194
24 16 109
59 56 152
83 18 136
86 20 116
6 33 90
97 20 185
30 15 132
45 14 95
29 78 127
53 94 213
28 59 94
19 97 139
83 16 150
90 74 261
32 44 111
83 62 158
70 56 138
23 86 157
96 14 117
94 22 193
97 39 153
26 38 155
26 69 169
83 69 238
54 43 101
13 51 161
32 14 135
6 41 88
21 59 156
89 2 178
82 1 176
