50
1.70 1.20 1.30 1.80 1.00
56 33 138
87 41 201
35 69 139
95 150 268
80 48 182
49 64 156
71 30 169
39 11 83
76 99 206
58 73 188
81 144 280
23 31 61
68 100 186
83 111 284
78 106 262
5 9 18
63 81 185
51 70 139
23 34 78
86 25 199
71 110 200
88 30 203
9 8 21
45 15 74
23 0 46
79 124 246
97 191 346
49 45 135
57 94 171
93 26 171
39 10 81
62 90 182
67 73 195
88 27 148
26 41 77
64 118 244
98 98 244
71 12 149
56 95 169
68 135 261
77 114 225
33 5 66
83 7 172
43 71 158
73 38 172
2 0 3
65 49 169
27 42 92
5 10 20
58 77 179
