200
1.60 1.80 1.70 1.70 1.00
3 1 5
28 23 61
26 24 70
23 3 46
49 70 167
21 42 84
68 8 106
59 82 186
1 0 2
49 69 155
98 108 277
17 2 31
19 36 61
20 4 29
81 151 275
89 13 182
13 3 21
74 94 225
20 17 46
88 66 234
89 160 334
79 115 238
33 6 63
10 2 18
62 115 220
47 80 152
19 6 36
82 87 201
58 77 175
55 28 101
73 127 269
69 133 232
9 16 33
39 14 67
43 50 118
54 1 77
90 132 281
64 25 115
52 32 119
21 2 35
82 98 242
22 2 45
54 77 179
29 11 47
96 68 235
48 30 100
9 6 20
95 128 292
21 42 80
81 98 240
59 117 211
32 12 56
36 49 95
51 93 191
60 116 213
46 68 135
63 53 140
26 23 60
31 34 96
37 69 115
43 31 102
60 32 151
35 6 64
71 39 184
98 165 299
1 0 2
46 34 92
16 16 40
29 27 66
56 99 189
71 7 141
97 167 325
59 2 116
24 24 64
8 13 25
47 59 140
40 20 83
48 75 155
87 105 241
33 57 125
78 90 225
22 41 73
54 41 115
24 23 59
59 51 137
14 13 32
44 52 125
68 98 202
25 48 97
90 144 291
26 45 84
45 64 130
49 93 176
45 67 143
59 19 110
51 95 193
71 47 184
61 52 140
8 12 24
76 113 242
13 18 38
59 22 98
74 137 272
80 38 178
45 1 62
27 18 53
29 1 55
33 42 107
51 29 125
31 34 85
75 61 169
76 151 257
69 56 148
94 85 266
61 4 87
51 82 180
20 27 66
63 113 213
11 10 30
85 56 177
58 61 135
84 109 224
88 3 178
77 64 192
91 62 234
97 31 183
55 45 121
58 113 206
60 77 178
61 84 190
20 36 75
77 36 187
86 153 329
10 15 34
79 74 181
54 50 141
70 3 95
77 50 200
5 8 16
19 8 42
46 87 156
74 30 127
8 16 28
29 56 107
2 4 7
20 18 56
60 104 184
81 32 193
50 12 108
72 139 239
77 91 237
70 26 135
46 45 112
21 38 79
3 0 4
100 144 307
91 20 164
38 23 96
76 8 158
13 7 24
26 37 89
16 17 45
96 68 246
37 47 112
79 109 209
83 56 190
10 1 18
35 49 111
31 60 106
44 4 88
54 42 132
4 0 6
19 37 74
30 48 84
8 8 24
9 15 27
61 39 140
82 142 290
96 12 185
45 2 72
16 24 51
75 23 134
71 111 248
6 8 16
19 37 62
61 47 121
6 9 19
56 51 129
45 82 146
69 56 188
56 1 79
90 45 199
19 8 34
72 97 210
53 24 124
96 32 177
38 75 137
1 0 2
26 17 57
16 29 53
