500
1.0 1.1 1.6 1.5 1.6 
47 128 622
34 72 143
11 5 206
24 225 524
30 215 369
31 90 150
13 25 60
22 250 444
2 62 196
23 195 242
45 89 573
15 4 209
3 77 167
6 79 124
3 78 115
48 139 652
5 74 90
35 94 170
5 73 197
32 104 183
33 116 186
50 221 523
42 80 498
4 97 115
4 94 142
26 237 472
49 49 372
15 42 243
24 213 416
17 32 143
43 132 232
15 32 214
42 68 133
24 171 294
10 98 152
15 43 294
43 304 640
23 247 529
21 166 355
26 186 456
50 90 186
8 80 182
7 95 203
6 80 216
46 167 602
34 66 105
27 227 603
32 119 164
21 218 289
39 142 188
22 144 483
22 235 270
6 51 130
49 36 538
20 10 206
2 69 76
23 207 520
44 235 430
37 64 110
4 92 178
9 99 184
31 150 224
37 84 136
18 1 252
38 83 130
32 66 132
2 68 143
48 365 478
27 222 594
25 125 450
1 71 196
44 75 124
7 99 152
4 99 172
31 61 137
21 198 501
15 26 243
47 260 522
2 86 166
8 88 111
22 135 190
35 113 193
43 10 245
7 87 217
23 161 300
16 24 46
9 63 89
41 293 592
12 22 232
13 35 144
49 156 328
50 380 829
33 67 100
25 202 532
11 45 152
22 219 581
37 87 160
26 189 348
45 382 682
45 382 732
45 105 589
31 61 107
31 130 163
35 73 126
49 220 364
9 59 178
33 120 166
49 141 687
28 161 191
4 85 114
46 166 506
32 54 132
41 80 594
47 335 860
5 98 126
42 139 289
35 71 125
45 21 432
28 135 481
47 275 647
18 11 145
41 101 592
47 142 440
45 214 601
44 306 542
38 150 216
26 139 270
28 169 381
41 260 655
18 38 173
7 57 139
9 66 192
9 83 205
33 83 124
45 199 566
22 193 294
31 63 137
17 0 169
28 199 568
4 82 149
25 147 275
48 380 718
32 69 140
49 226 302
8 63 79
43 313 767
34 51 112
17 27 185
38 145 231
50 47 526
6 74 193
36 117 180
3 99 196
15 28 219
33 83 143
30 110 351
20 13 161
26 219 427
9 80 118
22 232 393
21 117 325
50 104 312
46 34 98
4 97 241
26 206 393
45 267 358
20 46 175
36 127 193
15 9 252
4 59 151
43 209 511
31 128 186
6 73 146
49 303 405
2 88 219
20 35 278
31 123 173
17 39 297
10 91 167
34 80 119
32 111 173
20 11 164
32 73 144
31 53 85
34 130 205
44 36 569
19 43 122
21 146 517
5 52 149
16 10 270
49 56 489
27 183 319
35 86 142
43 148 297
21 112 318
26 152 178
5 96 152
39 52 137
32 110 190
44 219 316
37 148 207
41 168 697
17 31 275
8 77 167
43 304 662
15 34 72
4 76 104
29 207 541
43 198 391
9 68 105
42 365 628
15 42 78
13 1 38
29 202 367
33 144 207
8 80 135
39 61 146
24 230 544
18 5 49
12 31 233
2 52 134
16 1 191
30 229 501
28 218 463
3 64 99
35 109 148
30 146 437
6 91 165
47 153 220
11 38 285
4 61 100
19 33 71
41 368 466
5 66 104
50 397 713
7 100 220
40 79 132
44 55 513
43 1 457
34 55 136
35 143 224
14 3 172
45 242 597
41 66 308
21 247 462
33 55 95
12 26 202
19 28 267
21 104 459
50 233 377
27 228 446
49 328 512
8 67 153
39 149 235
41 193 701
27 101 250
50 71 321
28 209 362
8 88 194
5 55 136
34 71 120
6 92 209
7 70 93
26 149 503
30 210 540
14 11 54
17 43 142
41 92 182
34 133 198
43 226 733
18 18 235
29 166 527
46 330 567
36 141 221
49 288 581
16 36 198
37 86 139
28 185 480
23 233 419
34 70 150
39 90 154
20 1 65
5 96 190
7 82 167
27 172 353
2 96 242
31 128 179
21 171 334
34 73 123
23 165 299
19 22 149
9 87 160
15 29 67
47 206 263
11 28 235
37 59 112
48 232 320
11 13 224
20 9 257
20 22 82
39 107 157
28 162 268
39 75 126
10 84 111
45 166 528
16 27 113
1 51 58
25 241 340
10 53 182
25 222 325
11 0 144
11 42 142
31 92 146
39 100 175
10 78 188
47 347 434
43 36 334
23 219 318
39 83 122
9 80 236
11 49 170
25 115 271
2 82 107
26 205 395
24 116 393
37 80 132
32 112 161
44 356 695
46 337 701
39 69 115
20 43 270
21 199 320
49 58 424
12 21 72
13 46 104
7 52 183
7 68 164
11 9 86
48 20 345
20 35 102
19 15 244
32 69 127
24 126 299
14 12 196
18 15 251
2 54 164
38 65 135
38 53 106
44 62 110
24 229 433
9 60 214
16 43 288
10 69 117
49 137 326
1 77 203
30 109 392
16 22 119
37 69 122
3 68 198
46 26 476
3 84 135
2 62 210
21 159 510
26 198 404
17 33 282
7 53 70
19 27 200
36 124 173
45 94 182
15 42 154
37 100 158
16 10 264
18 13 249
44 142 468
39 91 146
30 170 508
29 156 437
11 4 228
2 88 204
1 61 185
11 48 135
42 60 277
15 27 111
14 13 168
48 335 603
18 45 169
17 16 188
21 133 224
8 59 125
1 84 200
43 346 805
31 79 112
12 45 178
36 132 190
25 234 521
11 5 21
42 317 669
1 59 153
27 212 297
22 184 428
30 114 469
28 101 223
25 197 428
45 382 927
9 65 83
23 230 267
50 85 408
50 395 572
47 365 455
48 296 464
22 234 423
41 352 396
41 148 554
12 13 111
7 72 178
27 182 459
26 135 349
45 367 613
40 127 211
5 98 103
18 32 67
15 17 255
36 86 156
20 24 261
23 143 411
29 151 353
1 90 142
9 69 192
25 235 347
5 86 223
12 13 81
46 331 713
38 98 173
38 135 215
12 7 55
16 28 241
1 50 98
47 336 747
20 4 263
17 0 258
22 238 285
50 73 317
8 81 221
39 128 194
15 31 239
30 104 277
16 17 171
42 88 221
14 34 58
33 113 151
36 57 135
19 30 80
5 84 207
39 132 189
32 100 140
5 80 226
8 64 132
45 41 276
7 93 209
13 28 124
1 91 126
48 307 833
29 151 302
13 47 226
12 30 266
36 58 107
20 40 93
13 36 235
24 209 494
28 110 192
10 70 220
35 82 153
50 273 411
50 14 319
37 85 137
44 215 552
50 24 372
2 55 144
19 19 41
20 32 54
42 332 782
25 198 513
26 217 327
38 51 104
35 77 130
11 11 109
10 89 229
31 77 125
26 116 328
38 94 145
35 79 128
48 307 607
35 146 188
23 179 291
14 23 178
26 122 441
4 87 191
1 57 197
4 82 117
19 27 247
