50
1.0 1.4579873708259192 1.558582071414695 1.6578350495432028 1.6024279004531492
19 196 221
18 399 423
21 117 141
30 489 521
20 198 223
27 265 295
20 913 940
20 701 730
22 362 400
30 639 676
26 73 103
17 228 248
24 452 483
7 450 467
17 202 224
18 196 219
22 123 149
31 392 424
17 67 86
22 258 286
10 600 613
16 158 178
25 313 346
24 72 101
22 62 84
33 488 535
13 5 29
34 137 173
25 736 768
19 357 382
10 135 149
17 340 363
10 94 106
21 775 811
23 152 182
19 656 683
13 277 307
18 337 356
23 488 520
12 101 121
25 700 742
40 433 476
11 445 458
25 58 87
14 473 501
10 333 353
27 259 291
8 879 891
34 9 43
10 256 267
