500
1.9 1.0 1.2 2.0 1.6 
6 102 108
21 987 1012
18 1357 1380
9 1104 1115
9 1343 1360
9 944 960
7 1176 1183
6 900 911
21 183 207
3 927 937
13 1917 1939
27 449 479
20 1296 1325
30 1607 1640
30 287 325
11 771 788
29 532 564
14 834 852
5 438 443
20 727 757
12 1656 1677
6 447 459
9 1794 1813
26 1293 1327
11 1002 1023
2 801 808
9 452 471
15 602 618
27 529 559
19 991 1012
6 45 52
14 1148 1163
5 537 548
9 1279 1291
4 1394 1408
20 164 184
8 1088 1105
15 618 640
6 75 82
30 343 374
26 1731 1761
11 736 751
21 1583 1610
18 262 285
19 1761 1781
13 812 826
8 1162 1173
18 1862 1890
23 1456 1487
29 1577 1608
27 1853 1881
4 1161 1173
27 107 135
5 1395 1408
13 1663 1677
26 53 86
22 1143 1170
7 1619 1635
30 757 789
7 954 970
29 1665 1702
4 1038 1049
19 464 483
24 1078 1110
24 1086 1110
27 1890 1918
5 1843 1854
23 1506 1539
5 1664 1676
29 738 772
24 1527 1552
19 1039 1059
21 1216 1243
3 1489 1500
25 702 736
16 631 651
24 1475 1509
19 1843 1871
17 1466 1486
5 1680 1685
23 457 490
18 945 969
9 895 914
21 742 765
25 1715 1741
27 1022 1057
17 1349 1370
17 1214 1235
29 1356 1387
14 1934 1949
23 1913 1940
11 571 592
7 1659 1674
7 80 94
7 430 447
26 1795 1831
25 82 108
29 757 795
28 1221 1250
7 1183 1195
22 1385 1413
7 1185 1193
21 1837 1859
16 341 361
18 1839 1863
28 561 596
29 1478 1507
24 1225 1256
16 1680 1698
5 1678 1687
30 231 271
6 869 881
7 489 498
4 1147 1159
25 305 330
27 1505 1532
27 650 682
30 1259 1297
22 1563 1594
25 1250 1277
4 1813 1826
16 605 630
8 901 909
28 220 256
22 265 289
27 136 169
2 415 418
5 1010 1016
3 595 599
25 1401 1428
18 254 275
29 113 148
27 1793 1830
22 426 451
6 1318 1329
10 1321 1333
23 448 478
16 766 792
15 372 394
8 1663 1680
10 648 660
28 1469 1502
2 760 769
14 633 654
6 558 574
8 1943 1954
29 524 554
30 840 878
3 970 978
11 891 902
12 1156 1177
3 594 605
6 16 23
5 1861 1874
13 1700 1714
16 1631 1654
28 1348 1384
22 1832 1857
22 821 847
15 586 602
14 176 199
15 1627 1647
16 1837 1862
25 732 757
10 1759 1772
29 802 832
4 387 395
10 658 669
21 167 191
14 1164 1183
10 1821 1836
22 537 565
20 460 486
19 360 388
29 55 90
22 1222 1253
13 47 61
19 788 808
20 334 361
27 265 296
17 662 681
4 1806 1819
26 1722 1752
11 151 171
6 16 24
3 346 353
27 1657 1692
18 1942 1961
21 957 980
28 1904 1934
27 1308 1343
6 296 312
26 1667 1702
30 432 463
14 1578 1600
3 1930 1941
28 238 266
28 187 216
23 160 190
22 1195 1225
19 923 947
25 149 181
13 1527 1543
27 314 344
29 1773 1808
25 1423 1456
13 1565 1587
27 1981 2014
16 1254 1280
15 734 750
3 208 214
22 137 168
2 130 140
19 559 581
20 619 648
21 1352 1374
11 1926 1940
27 1916 1949
25 1552 1582
8 174 192
2 28 38
19 694 722
23 112 137
18 669 691
27 1363 1398
7 1921 1932
4 1527 1537
6 1579 1590
24 402 429
26 1151 1184
21 696 723
10 697 710
5 261 268
24 454 484
29 1654 1684
14 1918 1939
21 261 291
25 200 228
20 1124 1154
15 1252 1269
30 1744 1779
7 194 208
20 360 380
29 721 751
26 825 859
11 1678 1692
10 1843 1854
15 1024 1042
3 44 51
10 195 206
11 1011 1028
19 638 661
4 1503 1507
25 1091 1121
18 1652 1679
11 808 822
15 823 844
19 1626 1653
5 1684 1698
18 623 648
29 1721 1753
13 696 713
4 241 253
5 464 476
16 1313 1339
3 1307 1312
16 1816 1833
21 1374 1402
21 1933 1961
23 724 757
6 1312 1323
30 1677 1715
5 1356 1370
27 1241 1273
19 1162 1181
22 1323 1349
15 1493 1510
29 1703 1732
23 1896 1929
28 615 650
11 1635 1655
20 311 341
28 1233 1266
12 1624 1637
22 1715 1737
10 1043 1059
15 1604 1623
6 705 715
18 1252 1271
8 402 419
18 555 583
27 349 378
26 1323 1351
22 1486 1516
17 788 805
15 1296 1317
29 446 484
23 612 639
19 915 934
8 1657 1672
22 1542 1570
14 742 758
30 1329 1366
29 1138 1177
26 1682 1708
17 61 80
26 367 398
20 131 151
24 1543 1573
12 1741 1758
14 1134 1154
22 201 232
21 1691 1718
7 570 577
14 1854 1872
9 208 227
10 373 388
4 1960 1971
19 1444 1468
8 510 521
14 91 110
27 886 918
5 1911 1919
16 17 43
28 1671 1705
6 739 746
7 54 61
20 1755 1785
22 401 423
18 923 942
9 777 796
19 1326 1351
7 1720 1729
6 1407 1413
19 1085 1107
27 670 703
19 391 417
11 299 310
23 280 313
28 626 657
17 301 322
10 1528 1544
23 1418 1444
15 1705 1727
12 1681 1693
9 169 179
7 100 112
23 1240 1270
12 1362 1382
4 1882 1893
4 1607 1617
26 705 738
21 59 84
8 1185 1203
18 1229 1248
6 1990 1998
10 1272 1285
13 51 64
15 1666 1685
4 1729 1734
10 1180 1200
5 1957 1971
23 905 932
28 1199 1234
6 217 223
19 689 712
25 996 1031
5 536 551
9 1910 1924
6 220 236
11 930 947
13 1002 1019
10 991 1008
28 775 803
15 282 300
25 586 620
10 90 100
5 1455 1466
11 1419 1431
3 749 753
11 479 499
20 1495 1515
30 1943 1979
24 476 508
28 1475 1503
16 1213 1237
15 1987 2010
9 845 863
7 1965 1972
18 1407 1428
10 1517 1531
13 1969 1985
25 762 789
20 807 829
14 76 97
13 106 126
19 195 222
19 1227 1255
22 1565 1594
14 1175 1197
13 1308 1328
21 223 250
28 733 762
25 1040 1067
30 958 988
22 1558 1580
7 1261 1276
5 1074 1082
21 1622 1652
15 651 666
6 550 561
14 589 609
10 837 854
30 1165 1202
29 899 934
3 1914 1922
19 714 742
10 1901 1916
9 72 85
23 194 218
22 886 909
3 66 78
23 1385 1417
3 1475 1478
15 1309 1324
10 983 997
11 338 354
13 573 590
4 1287 1296
7 86 94
7 406 413
17 1535 1556
15 262 284
10 252 270
12 799 816
28 1844 1882
20 1763 1787
3 1722 1733
10 1331 1346
11 736 748
17 1327 1348
15 1004 1029
6 1814 1828
15 1911 1932
21 1032 1059
14 583 604
27 1094 1127
28 1975 2005
6 959 972
2 854 860
19 1695 1720
6 999 1013
26 1392 1423
7 636 653
5 891 901
26 1313 1346
17 795 816
6 669 681
24 84 112
15 512 527
19 1374 1403
27 1644 1679
2 1300 1310
15 334 357
26 1573 1600
3 1957 1963
2 1961 1973
27 1706 1738
19 407 430
19 381 406
6 275 283
25 1980 2015
17 1278 1303
8 262 276
28 1333 1361
6 994 1002
23 144 171
12 1231 1244
2 1703 1707
18 274 296
25 1481 1515
10 1491 1505
11 1481 1496
28 544 581
13 1602 1624
5 766 775
6 1082 1095
19 679 698
30 535 566
11 1297 1318
16 1683 1709
12 178 192
9 1917 1928
5 612 627
11 1867 1883
9 160 173
24 701 725
17 1638 1665
26 1572 1598
13 1255 1268
