400
1.60 1.60 1.60 1.80 1.00
37 72 122
23 10 51
58 84 183
72 53 157
55 63 169
57 3 82
52 51 149
19 33 69
44 16 90
44 9 77
3 5 10
64 72 191
46 53 118
58 24 120
35 30 96
69 79 188
33 40 102
34 38 103
17 34 65
45 48 104
97 97 278
3 6 11
58 16 92
20 22 46
60 81 199
6 12 22
16 31 52
66 39 146
46 6 92
8 7 21
15 26 45
64 44 143
38 32 106
97 90 253
67 51 133
49 20 92
18 6 31
53 67 171
84 65 230
60 106 204
71 33 120
51 29 129
29 40 79
57 109 217
8 7 22
27 35 88
60 82 200
90 13 153
11 15 33
39 22 83
57 40 144
64 1 106
83 75 225
66 94 193
64 3 106
4 0 7
26 48 95
25 14 60
36 26 85
78 146 256
22 9 51
57 89 157
1 1 2
20 21 53
68 62 147
70 66 189
48 43 112
15 20 44
81 103 261
4 8 14
46 69 139
25 18 60
26 15 60
91 129 252
3 3 8
67 100 225
76 30 137
7 3 14
24 25 66
52 92 179
94 60 240
11 22 37
89 94 257
64 62 180
24 37 75
74 30 174
48 7 83
63 10 127
87 143 260
79 119 256
91 82 232
17 26 50
71 106 220
100 147 318
97 8 195
34 58 119
71 7 113
57 33 132
10 6 23
48 67 129
79 85 204
88 94 252
69 137 258
28 42 87
3 2 7
42 46 106
28 38 85
16 7 37
76 94 236
47 19 111
58 50 147
66 72 175
53 91 169
94 174 325
13 11 33
84 89 248
79 86 228
25 26 69
47 70 151
31 32 74
34 64 113
76 28 178
94 7 151
40 15 79
37 72 144
17 12 39
31 29 76
28 45 95
29 0 57
21 34 71
38 3 61
17 15 36
42 38 101
9 16 28
33 25 77
34 28 76
4 5 10
85 54 159
68 52 180
1 2 3
30 23 79
73 5 143
88 42 205
38 54 102
32 35 94
61 37 140
29 3 56
97 41 224
97 128 273
35 29 92
73 97 203
95 9 152
42 44 123
64 96 193
27 13 50
24 0 42
25 12 46
19 38 63
42 40 98
21 19 57
10 11 30
38 38 92
86 132 252
52 67 150
2 4 7
62 90 205
75 111 227
75 66 166
73 31 121
35 20 65
85 9 176
21 42 68
39 53 101
100 155 277
52 11 112
79 135 251
81 117 253
86 99 223
6 3 12
32 58 115
39 45 104
50 87 172
73 73 209
67 6 94
100 199 380
90 75 215
100 149 286
6 11 21
17 13 45
40 16 67
65 33 113
38 52 102
63 45 137
30 37 75
48 17 81
88 15 147
89 106 251
77 113 216
44 82 145
84 44 164
33 7 67
60 49 146
22 23 54
23 46 91
22 16 46
36 27 82
63 119 219
16 32 52
57 31 131
34 65 124
57 74 182
76 87 186
97 156 278
92 169 319
57 7 94
3 3 7
5 3 9
19 19 45
7 12 24
83 131 239
87 77 250
98 175 306
63 70 169
87 122 256
17 29 59
32 55 95
49 36 126
49 72 169
100 122 304
45 12 72
39 76 126
87 133 248
13 15 33
39 14 91
82 72 233
64 96 204
41 69 122
5 5 13
74 8 129
60 2 117
14 16 43
21 31 69
41 22 97
12 19 35
93 82 208
35 53 122
2 1 4
27 12 54
8 9 20
83 77 223
94 167 296
95 24 174
99 41 169
29 52 102
61 33 153
2 2 5
10 4 21
10 9 27
37 55 109
20 22 56
4 2 7
96 134 294
24 8 38
56 58 165
48 96 154
35 39 106
99 41 186
40 56 110
71 9 137
45 85 168
1 0 1
11 10 29
37 36 98
2 2 5
45 49 109
95 7 139
60 32 114
99 131 320
51 29 102
21 12 42
46 27 87
100 85 237
16 1 21
89 76 227
23 30 58
22 7 40
43 11 89
76 148 260
89 73 213
33 42 93
2 1 3
55 44 149
90 28 187
3 2 6
93 98 228
71 141 268
62 35 113
19 5 29
27 9 49
44 49 133
64 54 151
87 80 186
73 88 191
97 154 308
46 76 164
64 120 223
76 102 241
62 48 145
16 6 29
6 12 22
66 123 229
59 91 172
76 1 101
54 105 208
33 1 55
99 43 224
36 72 131
66 108 200
48 6 82
41 62 133
52 83 170
89 61 217
34 48 114
4 7 13
59 10 117
67 51 147
37 67 135
6 0 9
1 2 3
83 165 299
16 26 47
62 27 147
87 160 307
9 3 16
94 79 198
95 34 194
81 56 155
16 7 34
92 8 130
54 38 115
54 1 103
68 131 233
62 12 108
2 0 3
7 2 14
32 10 56
66 49 131
80 150 252
47 33 116
4 3 9
38 19 92
95 34 219
89 46 165
53 82 184
86 172 321
23 36 77
65 60 169
40 46 111
80 21 153
66 117 239
45 9 64
91 26 143
36 31 90
59 55 158
66 50 156
78 50 184
34 47 99
94 11 197
57 50 120
42 4 79
73 78 200
54 7 93
87 26 152
39 33 106
18 21 45
66 93 188
6 12 19
82 156 262
3 1 6
72 26 162
60 24 102
33 51 112
56 96 167
9 16 26
4 6 12
7 10 20
63 19 133
91 149 289
68 28 115
40 11 78
90 9 164
11 6 23
77 48 199
60 28 136
45 71 125
57 65 157
15 26 50
90 142 320
69 78 173
90 147 295
