450
1.0 1.3 1.7 1.2 1.1
8 18 45
17 5 49
8 2 67
20 19 59
18 1 42
20 0 56
8 12 46
17 7 67
16 8 66
7 23 65
16 24 60
19 16 47
7 29 56
7 28 40
20 0 43
11 22 63
7 26 55
16 6 59
15 3 54
12 17 67
5 10 43
10 26 46
5 13 49
6 10 64
5 30 43
6 30 55
5 4 51
7 25 70
9 16 51
18 3 56
13 23 48
9 24 67
18 6 69
9 1 45
17 21 53
6 19 62
7 12 68
18 7 52
7 25 40
8 0 67
10 0 55
12 29 60
20 23 44
12 11 59
12 30 68
19 2 70
15 16 62
18 30 52
7 5 48
6 1 55
18 22 46
17 21 46
11 27 41
16 24 50
17 20 67
16 10 69
7 29 53
6 30 68
12 22 63
7 18 51
17 29 50
6 18 54
17 23 45
12 11 67
8 13 68
20 23 61
13 21 45
9 3 64
6 13 54
13 7 57
10 20 51
11 4 60
16 1 41
10 11 53
15 26 63
7 2 60
5 18 67
20 7 50
7 0 58
15 21 41
7 7 67
16 30 51
11 27 57
11 17 43
8 9 48
17 23 51
6 11 51
16 8 58
7 2 67
7 21 51
8 25 61
17 18 68
9 5 48
15 30 65
9 24 40
18 10 69
19 12 43
18 1 63
14 24 51
15 0 41
11 0 63
19 1 42
11 14 51
12 11 65
18 15 53
7 21 67
5 12 63
11 3 52
18 26 65
8 8 56
12 27 66
18 14 52
20 25 66
7 2 57
8 19 46
8 16 59
8 13 45
15 4 69
6 25 57
19 25 59
14 3 53
12 4 62
7 8 62
10 18 47
15 14 50
20 23 64
5 26 62
11 4 70
7 25 53
8 3 44
7 8 46
9 8 58
17 24 41
11 14 67
7 26 65
16 8 63
19 2 45
14 21 48
18 0 58
15 26 55
19 15 50
5 12 61
5 11 57
13 24 58
13 26 42
5 15 55
5 2 54
15 25 44
19 0 67
5 15 55
17 20 44
5 23 63
18 22 67
19 26 58
7 7 59
11 10 67
10 21 44
14 24 46
19 6 65
12 9 67
18 24 42
14 25 42
16 11 70
16 4 69
10 27 62
14 29 43
19 20 66
19 9 49
14 3 65
15 28 43
14 19 47
10 0 63
8 28 42
12 6 60
9 12 56
10 13 48
19 26 54
20 20 40
15 1 49
19 21 69
13 1 53
16 11 50
8 22 58
20 21 70
13 28 41
11 9 59
15 6 57
13 11 67
8 15 50
11 24 40
19 2 44
20 6 44
5 2 51
9 7 46
20 26 56
16 2 45
15 15 58
12 9 41
20 12 58
9 5 62
11 3 61
15 15 59
5 24 66
15 1 41
6 8 51
5 5 54
17 21 51
10 6 41
11 16 47
8 12 45
9 6 45
15 15 48
5 0 68
6 6 46
13 21 52
6 11 48
6 7 43
13 26 41
10 30 40
8 0 51
5 7 43
18 30 63
5 25 59
17 22 47
12 8 48
17 23 68
7 22 43
17 24 68
6 10 45
10 0 46
5 29 43
9 11 43
16 8 58
10 8 57
18 21 56
17 22 44
16 26 62
13 22 57
6 29 67
12 8 67
19 7 58
13 4 57
17 7 56
17 28 61
7 22 68
14 1 60
20 30 68
7 28 51
13 13 53
13 0 41
11 22 48
6 23 54
14 16 52
12 25 53
17 19 59
6 13 64
9 12 67
18 27 61
9 15 69
8 2 50
15 23 46
18 0 49
11 8 61
5 26 64
18 25 48
17 21 43
8 2 67
10 5 57
8 1 61
19 14 56
14 8 44
20 13 45
13 13 45
20 26 48
9 19 58
9 18 62
6 7 62
9 11 62
9 27 51
19 0 68
7 22 42
9 17 46
5 16 63
17 8 40
8 18 43
8 8 45
15 12 68
11 11 69
15 8 68
13 19 56
20 14 70
5 9 52
17 7 42
6 19 40
17 6 51
19 14 67
14 2 70
11 13 59
6 0 68
13 2 54
8 7 64
14 9 70
10 18 41
14 0 68
20 16 66
16 24 52
13 13 41
10 30 65
17 9 65
13 26 59
17 19 55
7 15 45
15 17 60
18 17 54
13 30 61
8 6 58
9 22 46
11 10 67
20 4 55
6 5 57
9 29 58
15 30 58
6 7 50
19 0 45
7 28 41
17 30 47
8 8 59
19 5 65
13 29 48
10 3 62
6 18 59
19 20 50
7 7 56
5 8 58
14 0 64
11 19 46
10 14 65
19 20 43
17 24 46
16 28 50
13 7 52
7 15 66
7 0 49
12 1 61
8 14 69
15 23 52
8 13 64
17 5 42
6 28 55
8 8 53
18 29 61
16 4 52
9 12 68
7 4 45
13 2 55
5 2 48
12 7 62
12 14 69
13 18 67
14 19 58
13 16 57
19 0 69
9 5 61
5 13 41
20 12 48
13 13 53
5 27 64
12 11 45
11 7 48
6 27 44
16 27 43
15 9 65
5 13 65
13 12 64
5 4 68
13 28 45
17 4 60
14 27 41
13 26 61
7 23 66
11 16 41
18 11 55
11 22 41
20 10 41
8 19 60
11 15 52
10 11 68
17 23 46
8 21 54
12 28 70
6 25 44
18 6 64
20 19 68
17 2 50
17 8 43
14 15 44
20 0 67
14 25 67
12 13 66
5 13 65
20 18 56
6 1 63
19 11 46
11 23 45
11 2 67
20 11 44
17 21 46
9 29 68
11 10 45
13 8 65
13 4 45
19 16 68
10 17 53
16 16 70
17 8 49
13 18 42
10 26 58
13 25 53
8 18 40
14 17 46
9 17 46
14 7 52
18 28 62
17 11 67
16 19 57
14 16 58
7 11 58
9 12 51
10 1 62
20 9 58
14 17 41
14 28 46
17 23 41
14 13 60
9 5 52
15 2 61
20 19 70
9 23 46
9 13 56
11 24 62
18 22 50
10 19 46
11 16 46
11 7 61
5 11 64
11 10 47
17 8 68
5 13 48
11 29 40
16 17 58
