150
1 1.02 1.18 1.47 1.6099999999999999 
76 23 160637
4 9 458182
24 29 435783
70 50 420170
26 50 369490
68 36 10334
51 33 66571
15 28 190061
25 45 251401
14 30 168705
26 29 91750
87 33 133736
66 23 232994
88 38 220129
71 4 113843
73 27 273571
7 38 70671
44 5 9621
62 26 291716
33 41 200644
96 48 3838
81 16 247541
97 50 180769
87 32 75270
35 32 284471
5 44 123341
89 43 398888
33 38 153653
21 33 26240
30 46 282684
69 16 416412
48 18 199283
24 17 397757
89 45 415662
10 49 434795
88 33 28999
48 38 29267
73 11 217377
95 39 332965
12 11 74415
35 14 148021
60 33 397293
78 34 233156
4 21 244951
69 43 236076
88 1 318370
16 10 478986
23 26 324570
6 22 255617
23 2 178325
3 22 415756
76 29 334749
81 27 164276
52 10 266621
67 12 268691
64 15 340574
35 33 212886
51 23 224226
16 26 474196
29 45 68212
2 1 14925
87 42 58695
19 5 182501
48 8 390228
84 37 247463
98 33 84526
72 22 159369
76 5 47517
59 25 398310
42 27 278617
90 20 384598
71 3 66743
86 21 93812
97 18 122925
35 11 193830
39 50 267670
83 36 463340
10 34 433599
78 32 184041
53 30 97549
53 21 407176
54 40 172680
56 37 386073
11 3 242686
94 39 447486
33 2 369878
80 8 27390
31 34 155373
23 23 389900
29 7 73473
90 28 254830
48 39 458020
55 48 44730
65 34 324725
50 13 114572
85 43 341741
10 37 322221
37 18 57314
80 41 111792
58 38 410849
78 45 218744
99 5 132298
80 13 41655
16 1 17417
97 42 417430
60 29 305538
92 23 4109
52 1 301262
47 6 319465
63 19 499584
9 9 347251
71 6 208806
68 25 1698
43 24 150036
26 27 160364
98 25 309755
91 37 340422
5 47 486904
89 19 189881
87 13 91485
70 19 164907
34 37 137041
73 27 315074
97 42 233454
34 36 312877
51 1 422698
55 21 370376
82 27 320794
56 22 358145
4 12 445156
56 47 297278
82 24 308573
76 43 329267
79 3 302793
14 11 117121
68 6 381266
56 13 462785
67 20 374249
87 27 8361
20 48 294872
86 15 396763
58 38 355317
23 41 164215
64 36 300435
92 29 190768
18 16 217561
68 32 115115
69 48 330008
51 3 68788
98 12 447242
