200
2.0 1.0 1.7 1.3 1.7 
24 649 677
10 237 250
5 302 311
7 242 254
28 292 322
30 660 691
4 395 401
26 114 144
22 666 695
14 15 29
23 534 566
5 271 276
23 187 210
3 438 445
20 715 739
5 435 443
2 51 60
4 102 110
7 60 70
17 660 677
22 602 626
3 551 554
19 434 454
20 420 449
6 132 143
24 579 604
21 591 619
5 536 550
8 625 638
6 262 271
25 390 422
5 544 557
5 105 113
25 217 250
22 385 413
3 263 266
27 572 599
22 707 729
5 768 773
9 575 591
12 356 375
25 408 436
30 59 98
19 464 483
30 212 246
8 587 596
16 287 304
9 692 709
21 211 235
21 744 771
6 560 568
24 122 154
11 147 167
15 312 334
28 303 333
7 372 386
2 172 181
23 377 402
17 370 394
3 173 177
15 491 507
17 589 608
15 626 641
24 197 231
17 432 453
7 340 353
19 732 758
14 443 465
24 248 275
28 38 66
28 426 459
28 222 257
14 80 94
26 646 680
19 246 275
15 379 400
6 636 646
10 732 752
15 636 658
26 366 402
26 351 383
19 610 633
3 410 422
20 604 634
9 40 49
30 213 248
14 747 770
3 27 39
24 743 769
29 176 208
22 63 93
7 299 315
14 192 209
11 383 399
7 187 204
18 447 467
13 336 357
11 551 568
23 161 187
8 130 140
18 206 226
28 86 116
7 40 50
12 73 91
3 222 234
28 602 631
6 772 783
14 605 620
26 520 547
11 776 789
4 481 494
19 137 162
20 727 748
30 167 204
6 451 466
25 534 562
27 467 494
10 778 791
8 110 128
9 584 597
28 589 617
3 559 566
25 501 535
28 158 189
13 788 810
18 716 740
30 322 353
28 663 692
23 746 776
8 536 544
23 485 515
19 553 577
14 533 547
4 288 300
3 127 135
11 713 730
20 259 289
7 146 153
15 672 692
5 302 310
11 613 632
9 484 503
22 154 177
21 561 589
28 224 260
3 706 716
7 306 316
26 675 704
13 721 744
8 173 184
14 151 167
15 406 427
18 747 766
10 57 72
2 170 175
19 626 645
12 552 574
26 210 237
21 290 317
19 711 738
18 300 318
8 619 637
23 196 219
11 541 561
2 780 790
12 51 73
26 146 178
25 228 258
20 357 379
30 305 335
23 630 663
17 684 711
22 10 32
9 739 750
11 7 23
18 707 726
18 126 146
13 733 752
17 296 320
14 503 527
10 522 535
20 78 104
18 492 512
13 659 681
16 72 91
29 635 664
28 254 287
19 183 204
3 548 560
6 671 681
23 526 550
9 250 261
13 480 496
9 261 273
27 278 310
8 231 240
3 731 742
29 55 90
16 693 718
11 730 751
