200
1.17 2.0 1.0 1.74 1.34
3 178 197
3 53 79
9 170 197
8 125 158
8 4 37
2 35 61
5 65 94
3 47 61
1 83 97
7 9 39
6 6 25
8 52 71
1 59 74
6 98 125
2 108 131
10 82 109
8 33 60
9 73 97
5 128 155
3 104 126
3 106 123
1 156 177
8 113 144
5 155 181
5 38 54
3 114 130
9 116 138
3 15 30
2 124 150
4 49 71
6 87 118
7 131 153
1 97 119
4 61 77
6 76 107
8 45 63
7 111 131
3 91 108
4 169 195
8 47 66
9 22 42
5 142 165
3 96 115
10 125 147
9 22 55
2 145 159
1 34 58
9 127 146
3 29 50
9 28 57
3 94 118
5 60 87
2 91 103
6 98 127
6 32 56
6 149 179
2 129 149
1 5 17
4 2 16
2 141 162
10 109 142
3 155 176
5 112 134
3 77 101
5 16 38
1 47 62
9 43 66
2 29 50
3 13 28
3 142 165
7 101 121
7 34 57
3 19 47
1 155 172
8 32 52
2 114 126
1 21 45
8 15 34
4 89 115
5 21 47
7 163 192
6 59 75
10 176 210
10 162 195
4 20 42
5 35 63
3 33 54
1 168 179
8 162 187
9 89 121
5 85 103
8 118 142
9 79 109
10 22 48
10 160 180
6 36 52
2 143 168
9 125 144
4 12 29
4 157 173
6 166 182
4 27 55
9 161 181
10 177 208
2 90 112
10 129 162
1 75 99
7 117 146
6 24 41
6 152 180
9 142 170
3 119 145
6 85 106
7 73 102
5 28 46
3 42 65
8 165 187
9 25 48
9 62 87
3 64 87
1 39 57
3 115 135
10 95 128
9 51 82
2 52 68
5 46 73
8 0 28
4 177 198
2 81 106
6 90 110
3 87 106
9 102 134
10 10 41
5 138 159
1 18 38
6 179 207
4 143 157
10 2 27
10 121 141
7 150 182
10 59 91
7 91 113
4 25 54
7 164 188
4 35 49
8 59 90
3 105 126
5 99 129
2 128 151
8 25 44
2 31 52
6 132 153
1 70 89
3 135 157
8 86 104
7 138 164
3 86 114
8 37 55
1 120 141
4 95 124
1 110 131
10 143 178
9 44 68
5 50 67
5 175 195
10 63 95
5 91 121
9 126 156
9 0 31
9 93 124
8 99 129
10 76 109
1 149 173
7 17 41
6 30 57
1 173 197
1 167 179
1 15 26
6 56 78
8 51 82
5 85 107
9 98 119
3 153 167
3 47 65
4 49 76
10 82 116
2 177 189
6 90 121
6 39 60
2 46 61
5 148 165
10 170 197
9 135 163
8 17 49
9 83 111
9 132 152
7 161 191
4 38 57
7 80 108
5 176 206
