250
1 1.6400000000000001 1.05 1.1400000000000001 1.07 
71 8 466458
61 49 219383
52 25 95684
98 22 256729
13 10 27938
51 11 487478
64 36 490276
55 11 237324
73 6 232628
8 18 61464
70 36 233352
58 15 370144
57 4 77478
18 33 215801
46 11 76686
63 33 404254
72 46 195236
31 45 430629
71 23 461539
61 9 63950
33 40 49209
85 43 469282
55 27 255786
33 4 204145
67 40 281656
36 15 290624
3 27 331055
52 20 266387
96 31 76588
61 10 466940
92 21 213862
58 45 162034
26 43 2477
92 21 64784
8 10 341846
5 3 356250
76 27 284180
93 12 58540
28 34 86460
94 11 100601
45 39 161691
2 8 22130
95 42 145406
61 6 250112
9 23 269930
69 34 85277
21 1 83408
58 25 93916
45 44 89810
7 37 118289
67 11 61622
83 20 240115
75 36 132523
24 3 362872
8 7 250695
60 49 170464
35 1 260401
28 24 440947
61 24 256761
45 28 224138
30 44 300114
34 34 126376
68 38 321668
58 15 217343
3 11 59683
4 40 142947
31 22 323103
20 18 345518
64 35 438555
18 2 393075
4 14 78350
14 23 139035
81 42 48113
53 4 498970
12 1 111654
46 16 183388
70 46 257011
87 40 403712
37 25 375232
12 31 331680
86 3 138030
64 38 336610
90 25 24814
53 19 202951
40 25 96166
60 3 464875
32 10 393010
93 20 25878
98 38 270982
83 37 216251
43 2 367888
16 29 6896
13 40 89003
18 6 315860
40 8 398642
16 25 137777
96 15 363876
2 17 327261
82 42 348023
65 6 103812
2 18 210514
73 41 59939
47 35 374963
32 5 236907
86 14 154356
65 43 8406
88 31 352174
33 6 85863
59 45 14914
94 45 373208
59 12 241639
34 20 191670
71 43 72934
64 10 455922
58 16 15605
19 29 358740
33 10 465989
26 13 31029
35 4 319545
78 13 35381
63 42 87966
74 35 423143
98 50 112956
1 27 285557
34 23 258103
26 26 340946
68 36 499383
53 6 364778
91 21 232099
20 10 417871
19 20 487630
38 38 340692
31 46 339202
67 49 334967
87 38 100197
54 29 31059
23 16 1782
32 36 452667
74 33 319689
63 22 302005
37 48 35119
53 38 323663
71 36 162420
7 48 123905
62 22 203287
13 29 436316
47 43 175961
53 4 135128
93 17 286425
100 29 405549
51 13 161021
41 5 92365
28 43 422321
12 3 227812
24 1 236418
95 7 341471
80 4 343980
87 26 307301
2 42 492297
5 24 383094
89 17 162475
58 9 306340
77 18 263461
48 38 172830
31 27 471172
75 6 251293
13 35 270050
50 49 286757
67 41 195028
86 33 145438
35 24 288724
24 46 372036
84 44 225003
95 13 446031
1 6 325173
85 20 414487
15 5 35653
49 23 84028
13 19 179436
3 26 262661
5 44 68382
4 42 366441
71 47 1851
22 23 78292
92 23 237552
23 35 139531
29 28 472838
42 22 310628
16 35 119405
24 21 490873
58 49 4175
22 23 112220
14 21 408038
23 29 212183
99 9 289084
33 42 26884
42 37 440170
96 39 134395
21 45 89504
86 35 250667
51 20 321552
27 19 298940
57 14 197769
80 32 48870
30 25 30712
32 20 316008
39 25 432740
77 31 226433
57 37 25833
48 33 247410
31 40 29446
18 5 67249
8 46 139825
65 22 134825
30 4 358690
100 49 325382
24 40 286074
69 50 423708
33 10 215462
89 36 94567
15 40 63146
38 19 261159
16 6 383505
85 42 286523
67 10 302866
4 29 215857
43 39 465262
51 46 224347
69 33 285004
72 27 64914
72 6 422777
88 44 429950
100 44 324117
53 35 49473
42 23 358261
51 15 77917
97 17 167061
27 28 47121
18 30 362535
75 49 332629
88 44 185726
83 8 298259
94 47 81934
61 6 431993
58 11 7506
70 40 220537
87 1 61922
18 8 199057
96 47 410955
3 18 4348
