50
1.50 1.30 1.50 1.20 1.00
92 160 294
82 145 252
58 56 154
36 20 66
27 13 63
77 36 143
57 59 156
67 116 221
68 90 190
47 64 132
38 30 105
11 12 28
86 158 325
39 13 71
82 149 267
5 2 9
83 49 194
53 76 156
65 96 208
85 142 259
34 10 60
51 2 70
70 136 269
91 39 172
9 6 22
42 81 147
64 54 134
30 35 77
40 32 99
21 7 39
40 55 115
46 26 102
96 155 307
69 70 184
21 8 39
100 97 257
8 1 13
43 63 131
22 14 49
16 9 30
9 11 24
29 18 73
85 28 162
99 40 176
73 118 249
26 18 49
29 0 35
5 10 17
7 10 23
20 33 70
