50
1.2 1.1 1.3 1.8 1.0 
2 261 286
55 533 611
18 293 336
48 955 1004
15 96 117
59 984 1093
27 566 632
8 426 460
73 454 543
28 255 294
34 910 952
64 333 440
33 825 860
50 149 210
90 771 893
26 352 405
82 541 647
66 912 1016
82 579 696
75 397 481
73 660 747
31 736 789
29 199 233
44 536 608
39 44 118
58 429 500
31 895 967
29 243 306
87 241 340
87 446 564
35 342 379
49 176 247
87 480 595
89 64 189
17 862 909
50 246 329
60 259 324
93 457 583
89 613 710
3 687 730
24 215 284
25 435 464
26 936 992
23 431 498
72 533 653
70 367 480
3 146 150
3 716 749
84 841 932
91 824 949
