250
1.90 1.40 1.90 1.20 1.00
30 1 53
22 12 46
22 29 59
6 11 20
71 40 130
86 28 173
70 75 171
50 65 143
55 25 126
47 26 100
56 94 202
63 10 129
60 76 158
85 45 197
23 12 42
15 6 25
93 27 149
74 58 160
49 11 107
22 10 42
42 26 91
57 68 177
22 28 67
24 36 72
81 95 196
47 13 78
44 31 104
64 94 219
82 23 184
87 102 228
1 0 1
10 17 34
6 7 18
97 30 178
10 6 20
8 8 21
48 71 136
9 5 20
20 5 38
45 15 76
27 31 70
14 7 33
9 15 31
45 16 99
86 3 136
7 7 17
33 41 94
32 13 64
95 50 200
66 10 122
47 29 113
69 91 227
81 135 232
52 47 149
40 0 58
27 43 91
56 107 215
97 40 194
13 20 45
25 47 88
70 23 144
31 57 102
55 96 164
61 26 129
33 17 66
4 4 9
29 34 70
54 53 124
51 66 143
16 1 28
76 50 151
54 12 103
66 11 137
33 26 75
38 28 89
9 9 26
68 21 124
51 83 176
54 80 182
4 7 12
95 50 205
83 105 209
63 7 88
8 6 20
35 36 83
64 71 168
79 91 205
73 143 245
36 1 53
20 12 43
61 30 143
25 43 76
11 9 28
34 14 77
1 0 1
20 37 73
39 63 124
51 35 111
82 81 194
62 95 183
53 7 101
11 14 33
54 82 182
21 13 41
90 74 209
66 122 206
95 186 373
86 40 156
82 98 239
23 38 67
42 44 97
14 26 53
32 18 56
3 6 11
32 19 68
59 33 131
13 24 47
69 68 186
40 2 64
59 35 145
25 2 44
1 1 2
1 2 3
47 6 81
51 34 101
80 51 165
68 21 131
67 114 217
49 39 134
31 19 57
42 0 57
30 53 108
31 9 53
24 8 55
70 48 168
43 24 81
7 9 21
5 2 10
44 8 63
74 61 188
73 25 144
68 133 262
64 0 125
66 80 160
99 31 180
83 103 251
18 33 63
84 160 297
63 114 234
2 0 2
40 36 96
75 47 139
74 11 111
21 20 45
13 25 42
15 14 35
93 123 240
27 28 81
59 103 176
59 2 81
61 43 155
94 13 163
57 99 190
69 69 201
10 4 18
68 10 102
1 2 3
90 25 150
38 68 132
71 127 261
91 0 114
63 8 99
54 104 211
70 23 138
18 31 58
97 114 243
76 76 192
90 145 298
89 86 253
52 65 168
93 107 265
89 94 251
14 15 39
87 93 239
52 64 144
10 7 21
70 81 203
100 120 261
55 24 131
92 121 285
50 56 150
17 30 59
69 122 222
9 6 19
17 7 35
1 2 3
83 109 269
37 35 99
70 85 183
32 5 46
27 49 92
60 104 203
31 34 80
17 2 32
96 25 160
38 74 143
8 7 18
44 72 151
88 31 201
76 10 123
56 7 116
84 109 239
100 139 278
5 5 13
62 76 152
99 175 358
67 32 164
61 15 99
55 46 130
80 117 243
57 59 142
1 1 2
60 58 150
35 44 105
51 60 155
38 10 65
97 63 192
67 16 117
79 85 221
97 136 286
78 97 232
35 33 75
8 6 16
91 114 232
63 46 156
32 21 64
93 137 287
37 54 104
63 75 172
76 112 215
33 6 50
47 62 145
31 30 77
11 10 31
30 29 67
100 55 251
6 2 13
96 127 278
22 23 53
39 46 120
