100
2.00 1.10 2.00 1.60 1.00
44 28 103
80 84 219
20 15 51
69 38 155
96 15 132
18 36 69
46 53 144
34 50 117
61 85 177
44 63 141
81 100 232
7 3 16
31 34 83
62 36 119
87 158 325
100 10 191
81 117 222
85 57 193
47 36 102
48 7 91
35 8 77
82 131 272
87 51 224
33 1 47
79 2 139
72 31 150
77 12 123
33 27 71
42 2 62
25 10 55
22 6 45
73 56 188
30 52 109
26 18 58
92 139 281
22 11 52
81 38 182
6 9 16
1 1 2
20 14 46
90 78 220
64 74 188
4 2 7
80 129 241
50 99 191
72 15 139
23 10 40
2 0 2
80 50 204
94 121 308
75 60 196
87 122 264
91 110 250
51 62 142
39 55 129
17 1 32
73 143 253
54 71 140
5 3 12
96 44 227
36 64 117
62 66 187
97 11 191
28 3 37
59 15 86
67 48 138
62 115 215
4 0 6
55 29 102
77 93 238
47 85 147
46 25 83
90 53 229
44 19 97
57 83 173
87 76 182
56 42 140
74 66 175
3 6 10
62 42 165
94 62 243
8 11 26
96 42 159
70 40 131
26 6 56
48 0 95
25 13 49
9 15 26
43 3 85
6 12 20
37 31 93
16 20 41
96 25 203
18 11 39
52 101 183
84 41 182
72 128 227
22 27 64
56 83 152
84 99 203
