450
1.0 1.5293603567056278 1.4907272517330163 1.4156056599650113 1.559664796127545
164 2165 2337
200 2 225
189 4697 4921
173 926 1192
137 5282 5470
143 3501 3650
140 2061 2304
178 3899 4108
177 4662 4848
207 892 1102
170 1715 1946
165 1550 1762
203 1860 2092
187 2866 3144
186 3320 3537
164 1216 1415
179 5532 5721
187 6039 6305
229 4802 5069
153 3123 3305
147 4585 4850
185 3802 3999
155 4421 4604
214 2389 2692
160 198 464
190 1746 1963
218 1002 1228
167 2666 2911
218 4917 5210
205 257 504
200 493 723
191 3013 3238
189 4249 4532
181 221 452
162 1226 1446
160 636 882
209 2056 2397
187 762 1001
218 1506 1822
158 6018 6186
171 2527 2730
178 3172 3426
155 1783 2022
193 2039 2291
198 1113 1321
224 936 1176
214 4207 4458
197 743 1013
174 3178 3491
193 748 1043
163 290 525
178 3287 3554
204 1072 1312
197 3413 3639
224 2278 2556
174 1563 1815
191 3799 4049
177 1317 1550
165 6863 7089
196 4326 4534
160 2263 2494
231 2181 2413
149 1310 1525
148 4650 4805
172 1784 1959
172 1692 1931
162 1288 1478
171 5205 5446
192 4561 4819
196 4919 5225
185 4625 4895
218 1925 2327
205 872 1080
190 2558 2766
207 2172 2402
170 1328 1565
198 2072 2320
180 3822 4087
149 277 453
176 5097 5331
140 4849 5117
168 5196 5373
214 4441 4689
177 959 1234
152 3544 3707
194 5125 5416
211 1126 1359
159 6440 6617
137 2249 2437
173 2884 3072
186 2300 2582
229 1698 2008
182 1940 2207
155 4708 4894
164 2013 2226
231 1394 1683
175 549 781
164 3578 3828
182 3385 3635
183 629 901
224 2852 3093
159 4503 4723
186 7842 8044
149 2677 2894
187 4885 5091
233 439 677
217 423 773
183 1223 1472
192 51 289
191 166 408
219 2102 2345
184 621 858
146 5210 5389
164 1324 1604
163 6338 6595
177 780 1000
200 79 375
142 5120 5339
225 309 547
146 4132 4286
189 958 1217
173 4894 5123
181 3893 4125
179 6796 7018
190 5042 5254
161 2561 2797
191 407 668
171 2915 3098
173 4424 4644
184 1015 1235
151 2709 2898
204 3699 3926
169 2088 2331
205 3293 3597
195 135 412
211 4574 4827
207 948 1162
136 760 978
153 928 1118
210 2255 2512
225 1292 1561
199 2302 2542
233 5171 5439
193 787 1005
207 4259 4564
178 1179 1359
179 774 998
244 6427 6729
207 65 405
197 2194 2407
199 5124 5338
212 506 729
129 1116 1284
195 3193 3466
167 1369 1613
177 2469 2685
158 3487 3656
226 81 362
185 3829 4050
188 2950 3149
162 3568 3789
171 3633 3890
232 1619 1856
190 2224 2482
176 2575 2779
169 702 952
170 4829 5120
176 2691 2927
170 82 308
192 3516 3776
153 1428 1644
184 1596 1810
215 4475 4726
186 5668 5943
199 1987 2319
167 1417 1597
150 4761 4945
165 3189 3389
218 3544 3818
154 742 917
124 1936 2116
202 1241 1447
178 4910 5155
142 1652 1813
182 2811 3037
197 4668 4937
171 196 414
162 3478 3659
140 1243 1438
171 5004 5175
146 2729 2888
218 2751 3022
155 979 1160
163 5026 5238
251 304 566
176 2786 3014
167 193 445
128 2380 2550
190 735 1028
169 630 810
173 4442 4727
183 542 735
165 4160 4357
190 2261 2470
171 1529 1718
174 4349 4542
182 1832 2070
186 1763 1957
199 1668 1907
134 3056 3298
155 2391 2591
171 4945 5200
178 1039 1267
166 676 863
193 5738 5998
196 2637 2854
200 3023 3290
187 1308 1565
190 3187 3447
174 5967 6207
197 2106 2418
195 2513 2763
142 1327 1527
207 2156 2385
172 2509 2740
208 2255 2506
174 2760 2975
163 3424 3588
217 3877 4170
182 1796 2059
160 2269 2520
201 245 494
146 1762 1980
148 1114 1355
205 679 959
172 1471 1772
146 5725 5932
176 2451 2684
196 5868 6104
155 5063 5274
178 1337 1543
183 2562 2771
156 3068 3327
216 4268 4515
158 2806 2996
156 4435 4594
254 355 745
191 1851 2076
170 241 573
175 764 1002
179 533 766
192 2444 2639
184 4435 4647
184 2583 2860
177 897 1097
188 4552 4807
152 4565 4759
166 1106 1355
183 5946 6150
156 3576 3779
162 1442 1625
185 766 1081
152 5302 5505
197 2892 3192
169 2445 2666
172 100 297
151 62 293
216 2199 2489
179 4127 4321
177 547 785
158 159 364
208 2317 2572
163 7846 8041
241 3188 3478
161 1565 1727
250 1022 1334
189 3789 4059
223 2340 2664
175 591 832
191 6752 7022
176 80 390
184 959 1170
201 4935 5170
173 502 692
189 1175 1388
128 2701 2861
222 6232 6497
170 6052 6264
208 1554 1833
181 5552 5861
161 3815 4056
159 5241 5480
163 803 1057
195 1059 1338
141 1381 1605
158 3635 3863
176 3191 3419
177 3457 3655
194 719 971
202 2620 2874
158 1047 1211
181 5865 6057
171 693 964
182 7200 7409
201 1369 1618
188 2841 3037
177 3821 4085
172 696 901
178 6976 7204
188 2076 2274
206 2092 2309
218 475 814
143 3758 3976
198 2866 3085
164 5872 6091
184 4479 4710
169 3843 4013
171 5304 5548
194 4497 4729
213 2715 2971
186 2008 2212
161 1261 1446
138 2131 2352
178 4291 4623
214 4144 4426
166 1888 2207
178 6223 6442
197 5476 5688
182 104 287
162 1064 1253
120 5147 5268
175 2951 3166
218 4778 5004
198 408 609
209 486 811
183 904 1157
173 569 900
178 448 632
149 669 841
169 4411 4600
188 1848 2139
196 2363 2613
177 1745 1972
176 2275 2533
180 2147 2330
196 2650 2889
184 3906 4132
170 4792 5061
146 3702 3900
183 2489 2681
186 2966 3206
181 562 855
165 2424 2686
176 2229 2485
158 3077 3254
163 225 481
192 2008 2223
234 8740 9076
226 2910 3289
168 36 248
148 1620 1861
188 2097 2332
179 3401 3665
198 791 1058
160 4305 4474
165 3639 3916
138 1753 1913
212 3395 3657
180 1129 1320
180 5317 5566
159 4756 4919
147 3534 3689
134 648 806
205 1651 1892
164 1501 1752
182 7148 7429
185 3792 3987
153 1230 1451
168 3069 3240
226 3350 3664
161 1956 2183
160 138 391
171 2886 3079
174 2594 2836
171 3116 3357
207 2993 3303
160 3685 3921
187 808 1118
190 1043 1301
158 4386 4591
171 4281 4491
159 4979 5195
188 2846 3142
180 3154 3383
176 1776 2023
192 1348 1551
185 2688 2922
164 925 1096
144 306 485
209 2699 2941
209 1228 1466
204 2398 2680
161 3061 3291
207 129 420
178 1474 1702
166 3408 3626
122 1840 1985
181 2819 3086
215 135 360
177 423 641
163 1878 2107
176 2258 2453
191 2205 2396
196 2263 2534
168 1361 1614
181 3765 3957
171 494 695
193 1239 1530
139 1322 1496
222 2551 2821
177 124 346
208 4262 4515
160 2823 3004
196 6452 6701
215 1526 1872
211 2421 2683
213 3548 3820
216 3251 3553
205 829 1133
199 5704 5961
171 2053 2259
145 282 493
188 1207 1485
147 154 441
226 4040 4341
209 1579 1827
176 1656 1876
174 1806 1998
167 4395 4618
187 37 283
168 2356 2532
198 177 431
174 5628 5841
185 2286 2548
207 3387 3685
203 4181 4392
196 1299 1509
204 537 804
138 4633 4779
198 2791 3055
