400
1 1.47 1.77 1.98 1.3 
22 44 35955
75 27 86870
49 18 293346
92 34 402499
63 37 31947
32 11 271538
68 5 102518
47 41 159371
16 4 246053
56 33 252230
10 47 168053
92 39 397723
4 2 109250
35 48 366175
40 3 406879
11 9 323074
22 43 435435
19 9 332062
38 48 297959
28 12 100116
12 4 263515
19 4 163174
76 19 156549
36 29 474073
88 33 37468
64 40 433527
92 17 365410
92 37 343161
44 33 286479
19 14 371294
65 25 493084
30 36 186202
34 31 469091
15 19 109975
67 3 362046
88 3 260854
61 41 375302
78 37 110779
60 19 48917
8 26 455778
58 7 370271
32 19 183809
44 38 1134
85 6 291098
55 46 491358
36 28 178890
30 41 289471
65 39 123285
54 9 251863
5 4 235466
52 33 204389
12 34 444863
21 7 194053
28 22 49805
88 40 41147
46 42 257711
65 41 28417
44 32 493404
12 33 103623
26 14 499596
93 13 466306
65 18 126863
100 13 297718
23 5 169153
81 49 150189
67 31 345678
73 29 167116
54 30 402634
81 42 423714
59 30 353711
59 50 326581
48 4 458471
46 25 395934
56 3 434342
14 14 70234
100 6 174500
1 48 412487
56 30 335363
65 16 456101
89 31 379130
55 49 478111
60 48 442713
16 37 254043
76 34 160316
3 21 282755
100 49 273818
39 47 131745
40 8 6646
23 5 2879
54 6 436156
56 33 182394
75 13 69643
84 39 147193
57 43 57706
37 43 433553
49 6 418316
50 39 210887
88 34 462997
77 26 407350
43 48 94480
71 22 70654
62 15 112782
5 37 483256
78 13 425378
81 41 457547
85 26 394519
33 46 189135
33 34 38680
1 32 122694
12 10 459392
91 25 385361
75 37 368537
57 49 20706
10 13 147682
9 30 91211
60 24 332041
86 12 290174
78 16 435796
80 47 486436
77 43 80217
98 4 337402
17 39 409327
4 19 124220
32 28 498033
83 3 271118
16 49 383518
76 1 305184
68 5 246920
6 13 2330
80 4 48610
30 24 374940
48 37 28429
96 34 146774
88 44 218948
67 17 250687
97 31 495847
69 27 235574
30 12 50253
40 43 11963
73 19 258707
2 47 12447
7 41 74760
91 50 473168
97 40 478104
91 37 188107
79 2 496379
20 25 425600
31 36 430664
51 19 190519
54 30 215333
3 5 96240
81 38 214288
24 9 495947
2 9 295756
65 41 131697
94 44 8027
85 36 218573
83 17 392960
2 27 245647
72 45 303205
73 37 81364
25 39 258120
12 15 458440
3 3 63521
7 13 259385
56 37 274629
40 10 489276
8 8 58564
26 31 327486
15 12 177082
36 29 194275
83 40 141104
99 44 415300
46 20 325013
76 47 456684
26 41 381161
86 38 198400
60 26 287058
16 46 120387
52 38 122103
38 34 99589
49 50 293597
95 23 180615
4 35 298736
35 30 286812
18 43 188425
90 42 272258
60 14 185239
60 12 172583
1 47 50988
51 38 352555
75 34 363047
71 34 395953
67 36 378804
94 12 222484
61 43 244579
43 44 284833
74 33 3853
52 11 261822
70 46 70360
24 1 57493
11 5 478049
71 33 295739
87 45 244209
8 8 111809
96 17 280762
64 20 224862
75 8 11556
83 27 364967
60 47 123923
30 29 356622
80 6 18336
77 29 297474
89 22 344698
37 19 367607
51 3 149688
15 43 115966
34 5 279393
8 38 273731
64 12 122915
5 16 175727
69 45 5395
68 20 447729
39 38 319623
74 34 130408
89 33 13540
41 39 256947
50 42 448535
5 33 404077
2 22 184333
86 11 104143
6 21 90785
88 4 358787
87 14 155970
14 37 203219
61 27 387542
21 27 458459
10 20 320963
89 45 484493
28 14 414238
76 19 436087
47 44 26220
79 49 30636
48 46 359449
72 11 425239
97 18 379786
85 12 447028
97 14 172465
14 15 413132
29 22 133094
22 33 91441
61 41 190932
16 16 272472
2 35 143592
1 42 198713
24 23 158991
59 7 166616
42 19 35439
1 2 53317
7 20 165336
99 7 249461
93 41 485769
60 2 340080
94 26 110524
17 43 38504
48 14 344522
40 24 88542
96 31 340432
49 24 304288
97 14 41865
36 18 8652
60 7 450035
9 5 39357
33 32 347984
3 15 399253
31 29 282075
32 18 491307
100 49 131362
18 40 304959
10 39 85767
50 5 179830
32 31 410465
27 25 30789
68 37 280626
94 9 85674
25 12 198254
96 41 242920
28 2 489592
48 17 164300
20 28 381343
45 20 232843
31 20 18870
82 2 362547
69 15 456317
3 27 218353
42 50 84222
74 2 14436
18 20 8040
98 18 77991
56 32 152498
92 17 272594
73 42 64693
85 50 188682
6 50 455266
11 26 394194
29 35 152200
54 16 229598
67 28 119497
65 8 107690
9 39 47436
80 28 238219
10 23 16652
37 18 271111
19 30 453970
73 41 441960
76 11 208168
90 13 443286
61 50 27971
17 47 63974
95 34 1373
5 40 256083
18 37 444489
97 1 112435
28 19 311543
8 36 209861
37 50 325119
81 30 486512
52 44 198526
90 15 432807
22 12 272329
70 34 460935
96 22 130046
42 40 473588
72 10 335214
36 5 483173
58 31 80038
64 48 273243
74 23 417230
37 24 277691
91 20 424071
82 31 122507
82 37 367780
84 50 440567
10 33 210622
59 50 206924
1 33 400963
57 26 126200
58 39 91803
89 39 420017
4 30 54168
71 5 440820
72 41 299525
44 5 324696
8 14 489938
42 50 234769
2 1 450218
56 37 367287
48 28 416733
42 8 134718
78 4 9916
17 11 488295
77 17 438311
6 6 359901
83 36 275251
76 26 381288
53 38 260419
33 39 43478
89 37 475678
45 41 281783
83 12 134235
60 4 25069
59 20 168472
39 37 58693
60 37 181421
83 34 282253
42 6 380205
5 47 201221
81 5 286915
88 25 25477
98 49 207790
64 40 290862
15 8 221636
86 39 270091
23 44 395102
67 31 16856
12 17 191990
7 2 186083
28 49 273836
9 16 128451
4 33 228018
58 3 290767
89 31 171567
100 42 382205
35 47 485173
61 2 308932
27 50 16770
28 21 10539
41 28 247463
63 17 480593
6 12 497996
