350
1.8 1.3 1.9 1.4 1.0
6 337 999
87 345 434
14 292 308
102 359 463
45 84 134
81 268 350
99 130 232
102 112 1109
41 427 477
65 492 565
39 276 322
4 119 130
19 81 110
70 372 454
44 309 885
18 278 298
34 189 223
84 50 151
86 8 112
40 30 88
111 71 189
58 303 493
7 459 475
58 434 510
95 454 568
29 73 102
118 212 347
114 43 162
88 313 743
34 395 453
124 342 489
36 322 366
64 108 194
10 416 436
129 446 596
59 35 934
82 283 394
100 259 393
76 100 210
66 260 335
74 67 141
109 365 488
139 207 1263
139 141 314
6 256 270
124 168 316
129 90 264
141 361 539
134 197 359
75 451 635
119 55 203
107 431 575
61 159 270
54 247 346
111 82 230
3 435 471
141 159 1249
77 170 265
149 7 215
124 282 441
134 223 388
112 321 453
109 180 345
82 13 418
152 419 634
106 312 475
7 346 364
108 126 265
145 206 351
132 365 533
152 338 608
88 377 502
146 7 198
140 186 369
81 19 144
119 256 443
106 292 464
5 240 902
118 212 387
164 63 305
174 38 282
132 39 215
95 240 362
98 210 353
157 234 1049
168 270 452
158 181 397
109 182 379
1 308 381
125 295 497
119 135 314
184 180 676
161 158 386
169 210 431
98 84 217
166 202 414
113 276 395
154 391 564
159 326 1209
5 141 158
168 351 578
113 271 459
110 265 405
105 192 398
117 110 320
118 149 986
116 328 512
110 318 455
157 30 275
118 244 457
9 240 259
160 46 221
119 100 1127
126 115 355
161 377 588
165 53 289
149 241 467
198 89 372
167 181 422
167 61 677
178 314 583
7 335 438
219 195 527
139 112 300
130 222 391
184 83 319
206 126 1152
130 302 444
193 159 478
138 70 311
145 169 364
173 54 327
3 46 159
141 72 700
155 233 493
220 42 327
234 345 682
233 105 444
170 18 276
171 324 543
142 316 572
237 118 397
157 317 476
4 245 351
149 129 423
218 43 322
212 333 562
176 328 1361
184 184 509
184 246 566
222 340 627
188 3 192
234 224 606
169 136 417
5 270 807
216 115 375
219 77 396
209 211 506
209 298 522
192 14 315
243 33 282
177 272 1188
180 136 453
165 7 222
248 172 485
2 61 89
204 165 391
236 106 367
266 116 958
178 218 462
182 259 538
196 5 367
195 280 528
248 63 347
215 273 592
270 229 1238
9 146 156
229 313 712
265 109 547
270 11 369
212 141 354
206 173 508
254 55 811
188 291 538
206 67 447
267 158 567
200 271 618
1 237 377
194 97 394
231 101 697
239 267 603
193 82 388
210 24 310
223 222 604
245 196 461
242 194 557
246 227 742
241 68 365
3 1 162
291 97 567
220 245 616
217 73 380
277 85 431
263 234 1490
277 233 630
235 16 396
290 33 370
291 131 570
307 70 407
7 129 204
239 27 393
227 174 524
259 69 420
258 288 731
309 268 634
248 286 553
229 24 340
282 85 1187
248 66 496
258 85 456
1 171 304
288 17 437
284 128 541
295 63 566
303 12 638
239 200 445
247 35 322
233 49 350
279 61 495
278 71 444
316 103 421
7 70 1000
284 196 559
250 25 306
306 16 474
316 144 496
331 59 515
330 45 525
245 2 1097
317 222 573
247 143 502
304 37 517
6 81 234
327 232 719
304 245 775
297 230 1358
265 3 343
303 80 495
275 141 527
257 116 602
280 68 597
347 218 620
304 39 518
7 88 121
281 39 376
315 188 692
288 24 463
307 203 549
357 181 738
263 149 574
293 71 455
353 145 587
283 236 640
353 43 660
3 228 265
313 82 586
365 178 1296
355 223 614
325 195 754
363 105 585
347 52 449
285 206 707
335 103 509
349 181 704
321 196 538
7 101 351
324 55 541
294 193 545
369 26 421
365 5 579
301 205 788
309 15 579
329 147 671
369 183 771
361 11 584
299 22 562
6 78 353
360 158 661
297 49 365
322 35 461
297 15 443
329 116 723
297 53 533
369 203 699
377 23 932
375 11 589
333 36 431
4 35 77
316 57 431
399 160 838
317 62 458
333 16 708
341 88 626
316 87 447
392 142 629
340 107 591
405 167 784
346 156 640
9 172 1178
337 98 555
368 65 473
407 66 603
367 169 620
389 22 587
410 175 817
400 63 811
332 92 720
360 72 676
377 165 725
9 148 275
365 105 649
338 175 582
408 160 885
352 27 625
346 136 751
352 64 547
419 80 615
401 36 440
379 63 647
386 121 1346
7 168 307
384 116 671
417 8 538
405 17 713
409 151 719
345 74 608
401 120 1394
404 158 866
432 90 791
435 128 640
355 157 643
5 133 320
406 114 628
384 20 962
377 153 564
363 5 628
419 141 594
433 30 477
361 119 593
368 151 592
