100
1.0 1.3 1.6 1.7 1.8
13 11 58
20 11 67
12 14 54
17 10 42
7 7 62
6 10 57
6 28 51
20 0 69
18 16 70
9 15 41
11 17 48
6 12 55
14 1 68
10 13 46
19 27 46
5 11 43
10 28 61
6 24 47
9 15 55
5 19 70
15 29 55
14 14 59
20 19 65
12 3 53
18 26 49
17 4 41
17 7 57
19 13 65
6 15 53
19 2 67
11 30 63
14 21 46
14 21 40
18 1 41
18 12 44
15 16 68
5 5 56
10 1 59
6 3 66
11 4 60
5 25 62
13 17 48
11 11 51
17 2 45
9 9 56
8 21 54
12 14 65
19 5 53
6 3 64
17 16 69
16 27 51
5 27 54
9 25 63
15 20 63
17 24 61
17 2 54
7 22 54
9 26 50
16 27 52
7 6 41
20 0 69
9 8 65
9 7 60
11 24 68
18 17 43
15 3 53
5 7 63
8 15 68
14 2 47
17 7 59
14 18 53
10 7 54
14 13 59
13 27 65
16 6 50
8 26 70
15 6 46
15 22 42
10 5 57
8 6 57
11 29 52
16 7 62
15 3 56
8 16 55
12 23 49
7 13 51
17 16 51
12 10 62
6 20 70
14 27 42
20 21 63
14 6 42
14 15 60
5 13 63
15 14 43
6 22 65
18 5 65
20 10 57
18 19 41
13 3 47
