400
1.0 1.6 1.4 1.2 1.9 
7 50 125
6 71 159
1 69 148
40 67 129
36 110 164
42 177 545
46 313 576
12 25 173
28 140 430
25 191 272
1 42 143
43 185 502
38 52 130
16 28 158
40 83 143
43 110 202
48 63 501
34 70 111
50 285 721
37 79 126
50 24 208
3 69 107
29 195 470
44 196 312
25 109 268
8 73 157
34 115 176
49 12 64
8 40 110
17 30 103
29 80 386
49 242 302
2 49 122
46 184 294
50 179 435
38 82 130
1 59 61
42 306 452
33 88 128
48 1 316
49 157 306
9 66 77
42 77 415
49 4 387
25 124 247
28 170 299
26 177 428
8 75 164
42 0 336
49 237 638
36 66 137
45 74 348
32 55 120
16 25 82
4 76 182
19 36 144
30 131 338
49 86 165
39 60 113
4 43 167
1 62 168
42 128 262
48 281 636
8 55 77
34 46 99
48 35 287
23 108 227
34 118 171
18 11 129
49 207 401
30 133 388
1 80 123
23 96 253
49 44 357
48 305 573
21 173 314
26 113 288
3 40 148
16 36 85
43 304 626
48 61 300
43 250 356
28 106 362
9 66 149
5 47 154
49 297 651
34 67 105
3 48 60
38 78 143
27 123 388
20 17 133
29 113 327
27 115 224
22 192 404
4 51 124
34 107 166
27 128 179
27 187 247
44 172 521
35 117 177
35 54 111
12 26 78
32 110 159
5 44 139
19 28 72
37 78 119
31 109 176
47 266 423
25 178 242
44 212 593
15 34 65
43 89 271
3 50 76
30 90 323
9 60 156
8 40 162
36 113 173
23 156 346
34 57 92
20 14 184
47 265 657
15 26 116
43 131 430
19 5 39
26 116 319
48 302 564
50 250 390
44 115 233
48 305 397
34 118 192
20 10 67
33 90 137
10 55 123
2 50 64
4 61 105
36 69 107
32 100 152
35 119 155
9 48 172
25 86 324
18 33 85
8 80 170
38 87 164
22 197 249
28 161 428
27 88 305
11 3 93
10 64 114
37 72 148
37 67 118
3 40 83
45 227 510
39 88 143
50 283 601
36 47 87
15 6 204
5 61 126
24 165 234
46 156 288
27 148 289
8 44 88
28 146 239
43 59 383
42 283 349
49 145 451
24 196 403
40 69 148
31 112 158
36 69 142
21 144 437
5 45 79
28 135 380
23 183 266
48 29 257
6 55 171
34 89 154
44 199 468
25 182 260
7 52 159
38 75 148
3 74 139
14 19 192
39 99 142
34 105 172
23 111 235
44 88 145
23 195 248
39 46 125
16 37 183
29 174 334
12 4 28
15 7 115
29 93 389
8 65 111
16 18 223
33 103 161
10 62 96
26 158 373
32 61 103
31 63 102
6 45 110
10 80 172
4 49 86
5 65 131
8 55 101
17 0 166
34 53 123
25 191 418
18 33 166
4 49 85
38 86 151
44 247 651
34 56 112
19 2 82
25 121 356
16 34 166
16 17 114
24 116 353
14 25 217
3 53 83
35 49 93
9 56 133
18 13 115
43 179 474
22 198 295
27 167 333
2 53 175
37 47 113
43 249 342
1 70 115
1 48 144
30 179 311
2 62 97
34 101 164
24 166 421
35 113 172
48 245 640
7 46 88
24 179 249
11 6 156
48 274 715
20 27 149
25 117 338
42 68 495
23 129 203
9 79 140
49 313 747
17 37 159
17 3 113
26 183 300
21 87 248
21 119 186
11 3 74
3 46 66
22 200 250
3 80 137
22 192 431
13 2 87
5 58 86
30 92 307
14 31 123
19 31 163
18 26 121
49 302 451
23 128 241
34 108 179
15 13 87
45 29 209
39 98 156
38 109 181
41 179 301
8 60 181
20 40 157
10 65 127
8 59 74
29 137 332
45 88 134
33 91 129
1 45 65
19 33 180
30 112 258
28 186 441
29 91 343
26 134 352
27 120 271
20 32 237
1 78 140
34 74 141
25 141 267
40 47 125
2 61 149
13 27 195
29 188 478
9 79 158
27 152 371
1 49 90
48 203 484
36 90 161
28 93 358
19 6 188
7 67 189
46 23 409
1 58 92
5 67 127
21 109 399
12 21 63
33 106 163
1 78 113
15 16 56
46 147 347
5 70 106
9 43 137
33 66 131
34 75 139
17 31 132
36 71 120
12 6 95
33 41 107
24 127 247
15 3 201
40 106 151
10 52 169
47 24 292
31 94 129
44 267 576
8 77 145
28 125 233
48 212 540
25 161 275
23 187 303
3 46 110
10 65 176
17 36 89
21 178 368
48 263 555
40 92 156
46 77 462
8 46 100
18 34 166
22 196 471
7 53 64
41 281 512
40 69 122
5 43 154
3 61 109
2 57 174
36 95 142
35 113 176
12 6 110
4 77 196
11 2 107
45 269 616
40 111 189
13 34 238
11 38 156
8 55 114
32 47 80
48 249 569
36 105 179
20 16 37
25 182 272
16 39 247
33 112 146
14 7 209
47 49 172
34 110 158
17 19 136
38 109 168
6 54 75
42 159 427
28 126 371
36 97 162
39 91 147
6 62 114
5 72 97
30 199 502
24 151 211
28 130 231
27 151 221
20 34 247
24 184 446
18 33 198
9 67 160
11 37 50
31 57 99
23 125 371
15 31 215
36 44 102
14 7 137
22 92 166
13 32 227
40 109 189
27 119 263
28 147 259
39 74 141
43 137 515
41 255 614
45 305 469
21 130 326
22 127 296
