100
1.7 1.3 2.0 1.7 1.0 
73 389 467
89 587 721
30 653 704
10 253 276
83 596 687
36 686 762
41 572 642
12 539 562
57 464 525
11 417 448
41 825 867
34 82 130
83 993 1096
3 10 51
28 574 630
80 368 479
74 288 369
62 522 600
23 588 659
85 660 747
32 674 744
54 440 531
52 899 966
88 649 754
73 773 867
4 747 789
15 233 284
18 146 209
89 522 648
39 143 207
43 601 694
99 959 1083
35 93 129
91 223 363
58 435 520
33 848 930
19 485 537
93 771 869
8 26 76
72 198 292
85 209 330
49 91 160
71 895 975
28 190 230
51 845 943
49 135 204
49 674 755
42 886 929
74 289 386
50 963 1053
48 113 174
33 764 836
10 438 479
75 68 146
61 955 1027
33 341 397
4 645 689
88 994 1083
28 846 892
13 435 458
76 252 350
7 672 680
55 731 818
3 210 229
33 175 252
30 637 691
72 562 649
35 175 251
48 989 1055
7 943 958
78 18 127
49 457 521
4 4 28
33 499 566
76 167 288
90 147 266
72 790 911
28 546 575
100 959 1084
5 237 280
89 302 406
38 583 656
95 401 516
4 899 947
80 491 579
25 37 79
95 556 678
74 418 535
63 410 489
32 588 627
68 641 725
52 595 697
78 471 567
4 352 375
19 365 395
21 754 794
79 375 480
20 897 937
27 644 687
11 134 173
