150
1.4 1.0 2.0 1.3 1.6 
28 156 187
25 429 459
19 599 621
19 241 264
4 562 573
3 407 419
20 447 474
20 582 605
20 329 349
5 11 24
13 175 191
3 463 467
21 350 377
17 315 337
14 460 481
15 108 125
30 593 632
5 308 314
18 528 556
18 193 219
24 251 283
2 574 578
16 212 231
22 78 104
30 590 629
18 274 299
27 551 587
25 88 120
11 76 88
13 134 150
14 496 516
18 408 432
9 466 475
19 111 140
30 180 219
28 574 610
13 353 372
16 314 337
15 72 89
16 136 153
24 541 571
23 295 326
29 108 138
27 566 595
21 554 575
13 62 77
16 349 374
11 0 15
28 461 491
21 591 615
28 424 461
13 275 295
19 224 243
10 72 87
3 375 380
29 265 298
24 70 97
19 257 278
7 275 289
24 138 163
29 513 543
20 223 251
4 75 79
20 291 312
14 557 573
3 494 504
23 78 104
25 364 392
25 380 411
8 116 128
21 259 290
27 326 353
26 60 90
21 561 591
21 37 62
10 557 567
30 201 241
18 367 390
20 99 120
6 70 77
18 326 354
28 451 484
26 379 413
16 352 378
25 245 270
21 468 499
29 400 437
16 257 278
25 340 373
15 146 166
30 81 111
22 42 72
16 483 501
16 303 320
28 580 609
3 437 449
8 502 510
18 440 464
27 334 364
10 45 58
9 409 423
27 348 381
27 109 138
29 516 548
11 547 568
30 213 251
16 138 154
13 24 37
13 130 146
30 156 196
13 511 524
27 133 168
20 339 362
18 261 287
28 1 34
28 454 485
20 144 168
26 577 608
19 427 451
21 31 60
26 250 276
28 453 487
14 160 178
25 211 241
4 594 599
23 172 199
18 505 525
28 372 401
8 196 209
25 43 77
26 27 56
11 480 496
18 341 366
27 585 617
15 187 202
22 537 562
19 314 336
14 598 622
15 47 72
29 176 211
13 321 336
18 204 228
23 146 175
12 507 521
27 233 262
5 440 448
29 3 39
9 430 445
9 587 598
27 116 148
