350
1.50 1.20 1.20 1.70 1.00
2 3 6
28 27 79
25 16 55
75 132 256
6 10 17
10 5 21
31 2 54
70 87 209
86 91 230
25 8 56
54 21 117
80 143 272
66 40 158
57 113 205
14 6 26
56 23 133
15 6 29
76 132 272
20 36 75
58 53 160
32 51 113
100 82 275
19 22 54
39 15 74
85 113 244
11 18 32
59 94 182
36 8 70
41 7 76
53 80 181
89 6 117
67 54 174
38 3 62
53 61 157
99 131 268
29 1 52
76 48 143
22 20 57
13 6 26
77 135 277
90 113 264
62 47 159
6 1 11
13 14 30
4 6 12
15 19 47
16 2 25
30 24 83
29 1 53
28 33 66
63 52 156
14 17 40
27 27 72
31 52 109
26 2 45
95 74 252
81 133 260
78 88 240
92 113 233
96 49 205
13 11 30
29 48 91
45 77 165
97 157 276
87 103 208
66 13 137
38 23 69
25 40 81
75 145 249
26 0 44
46 52 110
76 95 190
58 39 145
79 22 178
29 44 89
18 20 51
56 35 143
76 20 118
50 69 133
61 40 154
4 7 12
41 17 81
82 47 157
3 1 6
49 71 165
69 48 143
45 73 131
23 35 70
100 77 259
31 45 104
46 51 123
55 13 93
22 26 54
27 30 64
45 1 77
77 20 121
23 26 60
63 91 180
53 74 164
10 13 29
82 115 258
44 37 112
29 25 60
54 101 191
67 118 226
58 94 189
59 60 146
69 25 153
52 101 190
31 0 44
91 61 241
49 30 107
26 26 74
25 31 76
100 168 301
1 1 2
38 73 120
10 11 26
66 70 178
99 159 300
9 11 27
44 23 77
12 21 42
34 13 65
50 91 173
64 87 205
50 76 171
43 33 103
1 0 1
62 88 182
11 0 17
73 80 170
30 24 70
92 29 165
62 49 167
67 5 95
53 85 184
71 116 212
95 155 279
77 148 271
32 5 52
74 7 116
10 2 21
25 29 70
83 76 231
42 57 112
80 76 201
85 95 236
68 20 133
72 42 134
76 57 189
10 1 14
67 82 183
5 1 7
50 7 79
17 4 27
46 45 112
83 33 155
9 10 25
95 159 317
84 134 294
67 53 180
95 72 196
28 56 102
78 118 257
66 21 123
73 112 223
45 68 127
80 6 151
100 181 320
97 107 260
25 15 54
92 28 159
88 70 199
69 94 201
49 34 129
7 13 26
56 34 143
84 76 243
54 96 169
72 53 171
85 92 229
92 99 262
89 125 268
15 9 34
64 3 123
33 38 85
67 17 99
22 14 48
58 71 156
98 154 279
15 17 42
80 142 255
55 86 185
84 86 232
16 1 28
45 79 149
83 27 134
37 54 115
12 9 25
79 135 248
3 1 5
5 6 15
31 51 107
34 2 69
39 11 75
14 23 49
44 26 86
7 10 23
73 113 258
23 14 58
25 9 58
56 79 179
98 9 151
48 95 187
76 78 206
48 67 143
50 65 139
36 58 125
87 48 153
7 13 22
33 1 66
23 14 42
1 1 2
14 3 19
11 12 30
67 39 171
5 3 9
49 79 145
74 84 200
68 81 187
57 25 133
86 100 228
76 26 127
26 50 90
36 1 48
65 44 150
15 16 40
27 8 41
33 64 124
11 7 24
12 20 34
25 22 65
26 25 67
31 48 92
52 79 165
47 68 127
55 62 139
81 140 239
77 58 172
42 57 110
2 2 5
92 147 296
96 166 294
89 40 154
20 4 37
19 29 64
79 65 213
43 70 144
41 65 125
69 81 191
62 35 112
19 29 59
42 1 53
82 80 182
41 66 135
15 18 45
81 85 199
16 19 43
3 1 6
14 22 49
36 34 89
75 37 160
71 73 178
59 32 104
2 0 3
14 7 31
53 34 109
32 16 60
73 66 182
28 55 110
67 73 206
77 70 208
49 71 134
37 74 141
79 35 151
25 17 54
89 99 265
69 124 241
98 148 327
13 0 21
74 84 204
53 103 206
46 58 137
50 14 85
30 2 50
47 9 69
66 101 215
17 29 51
59 22 131
9 3 15
53 28 106
47 75 152
36 26 95
24 7 36
8 9 20
7 8 21
74 147 277
18 22 52
53 60 127
68 70 161
95 35 216
25 1 41
5 3 10
18 24 51
59 75 186
36 9 59
75 52 190
4 5 9
5 1 10
40 23 73
37 61 108
18 2 32
97 83 268
71 127 212
51 30 124
70 109 234
71 130 225
39 23 78
85 80 247
16 0 20
19 21 57
49 79 159
99 149 302
90 85 229
52 64 127
57 84 163
52 80 180
12 5 27
39 64 132
97 165 295
59 87 184
10 6 20
24 3 36
33 32 94
10 10 26
11 17 37
68 20 136
23 13 46
57 41 146
