250
1.53 1.00 2.29 1.04 2.05
5 3 167
64 26 220
2 48 133
30 95 142
72 72 160
9 51 94
31 58 215
91 57 235
72 69 243
52 90 182
32 82 162
25 77 166
99 50 217
91 98 212
14 1 112
28 1 228
88 29 244
42 96 242
63 27 161
60 62 239
25 18 153
51 36 221
44 11 182
13 92 194
95 81 189
94 90 192
45 49 236
75 74 177
48 2 102
26 12 46
37 64 114
9 23 201
12 75 93
91 51 198
64 29 120
74 95 201
40 97 166
48 32 175
37 4 97
33 95 241
100 72 210
12 68 163
58 74 150
95 75 230
44 81 165
21 11 59
88 85 243
31 28 104
46 65 113
45 67 243
85 93 224
66 88 167
8 11 73
69 70 209
22 49 98
59 32 116
79 89 179
76 73 250
69 2 236
26 70 153
95 35 211
29 13 134
85 73 206
1 86 91
35 35 216
91 42 196
20 43 102
10 98 230
64 23 111
23 35 139
49 13 98
7 9 243
4 70 84
4 44 118
34 54 98
81 43 215
63 70 138
77 85 195
75 18 174
30 77 113
21 93 182
55 14 156
75 23 163
99 76 219
62 34 159
44 20 194
81 50 160
16 28 135
44 20 192
92 31 138
37 47 180
70 57 175
98 35 222
93 49 235
37 56 96
99 37 209
79 91 239
83 94 243
67 54 164
3 80 203
68 67 177
86 12 224
10 47 76
9 65 181
26 6 158
81 10 101
12 22 234
59 23 178
99 11 117
19 58 203
77 21 111
13 31 197
61 72 202
50 54 182
20 80 198
86 45 234
85 50 225
61 79 204
35 60 206
25 12 45
67 26 132
17 47 202
86 42 244
47 46 216
87 51 159
95 4 150
77 6 97
63 21 218
53 22 189
55 98 166
98 92 226
61 10 80
62 82 158
47 87 196
77 58 202
92 82 199
85 81 175
5 84 238
21 64 150
15 48 177
96 81 226
15 7 48
78 52 157
54 54 247
37 85 158
34 71 159
100 90 220
85 73 174
62 47 162
29 23 83
8 6 247
78 63 195
100 10 115
100 8 196
80 67 167
74 80 205
67 91 191
35 66 160
21 53 139
83 85 237
94 51 234
71 25 132
32 44 235
76 44 174
90 73 227
86 49 249
42 44 152
22 81 151
92 50 241
21 34 205
30 5 135
88 77 250
100 28 140
58 48 190
33 54 141
71 43 249
61 80 194
31 52 218
99 62 174
9 35 123
4 88 155
85 54 180
68 85 174
86 65 173
58 83 221
82 14 171
69 1 140
96 100 212
88 62 218
12 72 128
43 35 173
82 66 168
87 64 184
48 49 120
72 35 250
22 93 162
1 33 61
54 5 144
6 50 236
18 15 70
1 17 205
42 88 216
63 80 222
78 90 184
20 58 99
46 15 207
30 51 125
95 16 211
33 33 114
47 12 250
74 1 183
63 49 182
22 43 103
9 40 77
13 29 172
92 45 137
85 13 116
22 80 248
24 8 160
24 69 154
51 3 161
25 3 171
89 30 246
66 56 226
53 29 208
28 74 227
98 21 211
13 34 199
49 60 197
79 78 189
49 99 164
61 64 152
5 79 86
26 53 228
72 4 173
7 98 205
99 56 180
18 8 238
90 85 239
74 71 246
28 35 247
81 34 155
98 8 168
34 22 206
18 35 212
11 73 236
14 46 153
38 16 214
14 99 223
33 42 187