200
0.86 1.0 1.99 1.42 0.88
317 599 917
599 237 837
237 540 778
540 645 1186
645 896 1542
896 229 1126
229 445 815
445 815 1261
815 963 1779
963 376 1340
376 503 880
503 289 793
289 116 418
116 418 538
418 538 957
538 822 1361
822 505 1328
505 384 890
384 610 995
610 965 1576
965 29 995
29 561 707
561 707 1269
707 312 1020
312 426 739
426 42 469
42 253 296
253 45 299
45 208 286
208 286 495
286 397 684
397 295 724
295 724 1020
724 338 1063
338 731 1070
731 800 1532
800 40 841
40 737 784
737 784 1522
784 846 1631
846 484 1331
484 767 1252
767 827 1595
827 89 917
89 333 423
333 126 460
126 38 165
38 146 661
146 661 996
661 996 1658
996 920 1917
920 563 1484
563 105 669
105 121 227
121 56 811
56 811 868
811 103 932
103 932 1036
932 705 1638
705 797 1503
797 582 1380
582 886 1469
886 91 978
91 479 1000
479 1000 1480
1000 335 1336
335 19 355
19 271 432
271 432 704
432 248 905
248 905 1154
905 901 1807
901 878 1780
878 597 1476
597 142 740
142 594 737
594 695 1290
695 162 858
162 218 748
218 748 967
748 112 861
112 106 422
106 422 529
422 438 861
438 826 1265
826 762 1589
762 342 1105
342 16 359
16 212 693
212 693 906
693 434 1128
434 67 639
67 639 707
639 309 949
309 468 778
468 558 1027
558 236 795
236 241 720
241 720 962
720 359 1080
359 198 558
198 2 779
2 779 782
779 311 1091
311 135 795
135 795 931
795 246 1042
246 622 869
622 382 1005
382 347 917
347 917 1265
917 546 1464
546 844 1391
844 518 1363
518 887 1406
887 10 898
10 373 836
373 836 1210
836 247 1084
247 368 616
368 161 530
161 63 512
63 512 759
512 759 1272
759 190 950
190 297 665
297 665 963
665 642 1308
642 756 1399
756 881 1638
881 348 1230
348 947 1296
947 464 1412
464 159 671
159 671 831
671 646 1318
646 772 1419
772 365 1138
365 924 1290
924 732 1657
732 362 1095
362 417 780
417 402 820
402 619 1022
619 83 703
83 36 541
36 541 604
541 604 1146
604 858 1463
858 408 1267
408 122 814
122 814 937
814 740 1555
740 968 1709
968 674 1643
674 933 1608
933 239 1173
239 953 1193
953 132 1086
132 543 676
543 77 621
77 401 479
401 210 612
210 279 982
279 982 1262
982 448 1431
448 819 1268
819 623 1443
623 163 787
163 363 527
363 489 853
489 22 512
22 436 773
436 773 1210
773 727 1501
727 922 1650
922 192 1115
192 951 1144
951 913 1865
913 794 1708
794 221 1016
221 278 500
278 440 802
440 802 1243
802 133 936
133 520 654
520 620 1141
620 628 1249
628 657 1286
657 566 1224
566 334 901
334 179 514
179 94 787
94 787 882
787 225 1013
225 709 935
709 23 734
23 734 758
734 557 1292
557 757 1315
