250
1.0 1.65 1.81 1.36 1.42
41 492 534
492 507 1000
507 945 1453
945 848 1794
848 7 856
7 478 486
478 448 973
448 973 1422
973 306 1280
306 256 892
256 892 1149
892 459 1352
459 416 985
416 985 1402
985 553 1539
553 782 1336
782 366 1149
366 688 1055
688 100 789
100 152 340
152 340 493
340 82 423
82 216 420
216 420 637
420 203 624
203 552 1000
552 1000 1553
1000 679 1680
679 460 1140
460 777 1238
777 712 1490
712 514 1227
514 815 1330
815 839 1655
839 504 1344
504 714 1219
714 190 905
190 120 910
120 910 1031
910 228 1139
228 653 882
653 718 1372
718 667 1386
667 549 1217
549 720 1270
720 223 944
223 749 973
749 51 801
51 519 614
519 614 1134
614 143 888
143 888 1032
888 126 1015
126 429 598
429 598 1028
598 728 1327
728 981 1710
981 676 1658
676 989 1666
989 623 1613
623 628 1252
628 501 1130
501 225 748
225 748 974
748 610 1359
610 205 912
205 912 1118
912 348 1261
348 321 670
321 543 865
543 546 1090
546 88 833
88 833 922
833 15 849
15 796 812
796 629 1426
629 157 787
157 32 744
32 744 777
744 495 1240
495 43 594
43 594 770
594 770 1365
770 287 1058
287 927 1215
927 878 1806
878 23 902
23 534 589
534 589 1124
589 290 880
290 801 1092
801 648 1450
648 224 873
224 175 999
175 999 1175
999 20 1020
20 918 959
918 959 1878
959 285 1245
285 957 1243
957 113 1071
113 428 617
428 617 1046
617 574 1192
574 272 847
272 634 907
634 117 757
117 757 875
757 747 1505
747 220 968
220 317 538
317 518 836
518 422 941
422 159 582
159 118 278
118 115 615
115 615 840
615 840 1456
840 915 1756
915 994 1910
994 482 1477
482 112 595
112 375 488
375 462 838
462 813 1276
813 359 1173
359 368 728
368 280 649
280 286 567
286 494 781
494 67 792
67 792 860
792 551 1344
551 170 722
170 29 242
29 242 825
242 825 1068
825 593 1419
593 454 1048
454 154 609
154 608 763
608 579 1188
579 350 930
350 377 728
377 253 631
253 13 414
13 414 472
414 472 887
472 536 1009
536 243 780
243 612 856
612 6 619
6 565 729
565 729 1295
729 282 1012
282 79 854
79 854 934
854 620 1475
620 407 1028
407 819 1227
819 890 1710
890 386 1277
386 983 1370
983 94 1078
94 379 491
379 491 871
491 313 805
313 325 639
325 638 964
638 879 1518
879 639 1519
639 279 919
279 488 768
488 145 634
145 334 480
334 246 730
246 730 977
730 527 1258
527 37 565
37 335 626
335 626 962
626 11 638
11 244 929
244 929 1174
929 314 1244
314 797 1112
797 913 1711
913 660 1574
660 760 1421
760 62 823
62 65 160
65 160 781
160 781 942
781 604 1386
604 166 771
166 591 758
591 324 916
324 473 907
473 907 1381
907 204 1112
204 63 268
63 150 389
150 389 540
389 331 721
331 692 1024
692 947 1640
947 984 1932
984 602 1587
602 644 1247
644 300 945
300 75 539
75 539 842
539 842 1382
842 863 1706
863 646 1510
646 780 1427
780 567 1348
567 661 1229
661 968 1630
968 830 1799
830 544 1375
544 897 1442
897 163 1061
163 995 1159
995 141 1137
141 619 846
619 846 1466
846 870 1717
870 87 958
87 369 924
369 924 1294
924 108 1033
108 237 346
237 322 560
322 176 996
176 996 1173
996 21 1018
21 281 303
281 178 460
178 18 197
18 71 90
71 48 187
48 187 319
187 319 750
319 750 1070
750 385 1136
385 475 861
475 735 1211
735 200 936
200 506 898
