300
1 1.95 1.5699999999999998 1.31 1.3900000000000001 
4 30 460451
32 34 185139
38 48 42282
48 13 258442
19 35 415112
67 17 263589
45 19 474036
9 47 109023
89 14 472917
100 21 260184
8 30 397616
63 20 149743
33 13 416968
97 44 485792
69 36 136828
13 27 43814
22 1 6033
95 10 254997
12 45 208888
74 35 270713
40 9 193344
78 1 445720
31 25 263745
38 25 210858
32 46 64279
70 36 37184
15 47 184889
80 8 118996
22 23 23482
81 39 232830
76 32 213722
37 26 485056
85 43 181737
86 47 129587
72 44 295598
22 47 3090
74 4 9782
33 39 53362
67 31 227475
83 35 236750
54 46 161687
26 12 466368
41 46 213966
92 3 230876
62 16 444113
42 46 138165
26 43 208170
19 14 27589
29 50 331897
91 5 49303
41 7 130022
74 30 157447
65 2 65362
92 40 457813
11 36 438943
8 5 212278
45 30 415333
96 32 10324
3 8 387694
13 18 189001
24 15 18841
48 15 5126
55 2 490992
71 42 257603
48 49 64789
30 17 378120
19 45 34954
45 46 236361
41 46 72401
8 31 197860
46 42 31221
60 30 142661
45 49 435439
43 44 44442
85 49 111560
77 20 309540
50 49 329471
62 39 80527
94 21 4516
51 45 353931
39 42 410102
22 30 408806
86 2 290191
14 24 343031
67 25 466908
79 38 42874
75 25 317553
100 32 170853
24 42 126691
6 42 137364
91 35 365296
7 48 11434
93 12 164367
55 11 44608
96 14 457417
63 45 315181
35 23 386165
68 10 313677
81 50 426302
68 4 436930
65 6 389437
100 35 366886
24 42 81384
89 49 421475
37 23 222026
50 43 95721
4 48 117004
31 23 272460
60 49 400401
59 7 429158
76 5 399890
92 10 465447
49 48 451523
78 20 165045
58 49 63278
31 50 123690
86 9 214916
30 32 435247
36 41 344862
67 27 254771
45 3 282113
21 35 58681
88 9 471682
32 27 63340
19 45 405678
56 34 283840
18 8 208364
7 48 356123
67 29 245602
6 25 247713
31 4 428499
62 9 51936
90 35 55405
11 1 361465
11 30 94807
99 13 344982
88 31 354061
10 20 451420
44 27 406448
81 46 354205
100 47 440910
59 47 440250
6 26 401434
69 6 472418
57 47 348028
88 40 68462
12 45 50363
23 19 298256
66 48 494074
66 23 12191
58 22 368149
73 16 318796
74 40 117619
96 27 231739
29 20 370242
75 7 131733
66 47 465173
7 39 88702
94 2 25905
81 13 480663
27 32 3721
57 4 175337
40 34 478347
33 29 97936
29 42 98759
52 36 358375
33 11 10948
20 31 414804
23 27 88618
99 47 302232
36 4 366950
38 1 173284
42 13 15750
24 11 395919
39 9 425695
94 49 450301
18 27 243259
20 24 385441
80 32 462943
20 6 172173
92 11 297940
14 29 277329
7 45 449594
7 38 11815
5 18 85226
4 13 89052
14 2 120054
71 23 5698
72 31 240516
58 14 451791
70 37 353517
1 45 373245
2 10 144111
68 12 130924
72 4 110132
59 35 370820
38 21 75731
40 19 221933
20 39 147928
14 23 159454
37 41 340366
13 12 231329
6 30 473439
72 38 133059
100 50 35636
27 15 123398
20 23 463241
51 41 320998
45 30 471199
85 30 97362
17 19 256711
16 25 497277
48 23 254603
5 34 448364
74 15 243317
1 10 322365
64 18 460873
83 16 339038
76 31 410098
43 15 280768
49 42 91762
24 42 133843
30 15 340378
59 23 60741
79 34 141849
92 6 111141
100 4 95307
45 37 331996
76 31 207060
65 10 403936
56 15 305146
27 9 118589
12 23 223942
4 9 362809
69 37 3709
41 21 224610
82 37 233488
36 49 262082
64 38 309761
21 36 407293
88 43 294053
77 22 194520
46 20 326627
7 41 361495
11 31 208527
49 1 158690
16 46 211762
54 46 317036
85 43 5885
84 44 404531
59 10 488721
84 33 84653
95 1 435227
6 7 434482
37 37 349155
89 43 343492
82 29 148399
48 34 113664
98 49 406515
22 10 75498
88 3 333746
76 22 314137
92 38 117868
80 39 75402
67 20 122722
30 12 293255
28 21 336633
11 30 221400
64 12 458679
8 7 181825
92 7 407157
64 46 266754
75 30 313375
70 49 22080
61 15 164508
54 13 286860
63 24 457155
83 37 288368
14 43 237683
68 10 51586
97 13 364975
31 11 217667
21 40 381219
74 3 228793
62 1 149450
33 24 310282
2 46 475740
11 39 277896
55 46 110081
96 36 204915
16 18 84337
74 20 171709
5 19 278158
27 10 36175
59 33 235606
57 5 83960
7 29 182678
95 2 488586
90 21 437049
96 34 391143
