200
1.37 2.87 1.95 1.90 1.00
3 66 209
35 66 222
37 2 201
94 74 198
46 90 195
85 81 188
44 80 156
93 100 196
45 10 83
5 95 170
64 45 221
81 74 209
27 50 84
37 86 193
24 70 199
48 70 199
55 23 217
35 79 156
45 100 157
8 2 89
62 33 145
39 29 112
58 3 233
28 31 96
68 59 231
1 2 192
97 41 213
12 75 108
47 29 152
65 33 127
68 0 147
57 53 222
66 6 130
48 26 206
26 73 154
84 0 149
14 46 202
54 47 144
54 75 250
60 96 161
41 35 140
37 100 142
51 74 131
53 31 173
64 7 198
83 70 249
66 79 205
73 82 196
48 99 205
14 83 172
13 11 66
92 17 227
77 83 236
78 35 233
39 53 209
71 85 211
99 72 241
9 36 140
27 68 155
34 20 106
69 90 175
59 86 233
44 34 221
75 33 172
41 53 207
91 47 172
74 8 92
76 50 233
67 17 110
72 8 173
24 23 122
57 24 107
59 97 170
89 98 203
65 65 207
79 8 185
91 8 225
74 15 200
5 53 81
20 15 124
37 35 112
48 69 244
14 86 208
58 33 244
69 47 233
27 81 177
10 26 156
39 17 108
2 90 141
69 46 123
66 14 203
25 53 152
11 1 12
20 68 239
16 63 173
83 48 143
65 85 153
36 89 199
47 59 158
18 27 186
10 8 240
67 63 241
87 57 220
80 72 183
33 7 248
23 50 206
72 43 232
65 12 247
31 99 221
99 31 175
11 100 121
97 85 236
95 84 209
39 10 181
56 8 157
22 51 207
31 71 160
41 65 179
81 13 173
7 14 129
48 96 216
19 42 221
5 6 64
1 9 119
67 22 165
64 10 142
14 7 99
13 12 58
95 44 235
94 73 167
22 47 243
46 61 180
57 6 127
12 89 243
33 54 207
38 92 167
1 92 200
22 2 114
47 65 176
21 10 246
84 36 157
97 37 236
87 58 156
96 32 210
13 57 214
83 6 161
85 85 225
14 85 159
68 5 97
7 75 198
13 1 134
88 84 236
42 41 205
69 20 100
40 30 123
51 46 114
43 69 187
94 68 168
98 69 209
3 81 130
8 56 217
7 27 80
48 78 214
31 95 210
55 58 243
37 51 191
19 96 179
74 73 173
17 5 234
31 71 120
50 74 156
29 22 182
32 9 183
42 88 214
84 14 135
49 30 105
4 94 137
96 53 225
9 32 176
14 5 54
56 75 206
37 99 157
9 21 141
55 42 100
72 17 120
1 70 71
94 31 227
57 67 206
20 29 192
95 100 227
12 65 133
76 90 238
54 6 132
94 99 214
93 23 231
87 23 207
28 68 234
74 17 237
66 21 230
59 1 83