200
1.9 1.2 1.1 1.3 1.0
5 465 1120
42 342 384
27 256 283
33 149 186
77 319 398
56 249 311
67 71 139
13 110 238
21 436 458
86 76 164
38 13 61
6 373 388
103 207 321
70 98 178
68 311 1182
83 22 120
54 163 232
53 256 312
44 379 429
94 121 215
35 135 181
24 143 602
5 40 64
92 101 199
70 34 106
96 251 359
49 146 197
89 391 482
70 224 1169
116 55 172
72 470 547
128 271 413
66 178 263
1 76 111
85 67 157
48 194 448
126 456 610
49 260 325
55 15 91
103 163 298
92 188 300
49 277 345
86 225 907
103 395 504
8 55 97
116 17 143
47 144 231
96 24 143
57 13 71
106 255 877
131 302 475
82 263 371
53 59 135
143 24 211
64 50 138
2 37 57
130 143 648
149 380 534
110 335 448
115 283 448
116 181 329
125 322 486
146 40 226
139 67 990
79 307 432
108 26 189
8 106 145
138 48 254
78 197 317
81 383 528
88 302 541
106 213 363
146 388 599
113 402 551
133 93 272
150 26 186
77 155 301
8 228 562
96 60 201
161 137 345
156 248 480
175 227 432
171 55 257
125 28 225
130 297 784
181 202 399
110 155 292
91 332 433
2 217 287
142 85 262
134 151 347
146 351 1488
93 87 247
183 349 561
189 194 387
172 232 414
150 220 436
116 299 474
175 303 1002
4 69 105
118 280 446
157 198 407
132 282 514
153 257 449
118 220 353
120 252 866
136 162 355
175 318 579
193 48 278
196 35 321
6 207 286
159 243 450
140 37 874
186 85 348
156 286 551
153 73 240
204 47 292
198 182 408
171 90 364
144 77 751
182 272 519
1 51 129
132 293 532
192 123 361
222 291 541
186 21 305
213 177 866
187 126 408
167 317 553
203 1 247
203 211 423
142 162 421
3 219 308
157 140 1144
167 57 232
158 60 299
187 292 516
202 274 494
219 277 619
232 95 442
227 210 1321
173 140 344
186 26 264
5 120 161
150 348 557
224 6 253
231 177 509
234 21 972
203 11 344
194 269 515
244 343 640
191 265 488
200 85 298
219 11 371
7 276 466
178 78 312
213 57 306
182 191 467
173 216 428
199 92 327
249 50 335
198 178 1190
169 26 352
183 207 441
177 6 193
6 38 198
180 45 386
195 87 447
223 16 438
208 233 505
259 77 388
199 261 542
245 293 697
187 242 537
216 39 413
271 278 1501
10 248 293
188 211 495
247 290 565
201 26 378
245 207 632
245 236 626
191 27 505
259 207 597
221 56 320
241 164 436
244 112 395
8 276 292
251 293 712
232 31 579
227 118 357
194 110 408
215 124 528
250 11 432
219 199 603
268 28 428
252 85 1315
285 300 611
1 228 309
205 165 548
