50
2.13 2.37 2.86 1.00 1.49
54 60 125
35 14 196
6 0 178
33 2 51
53 74 169
31 97 158
38 45 242
47 40 97
33 9 201
54 6 97
100 45 178
39 31 156
54 87 229
18 88 195
4 60 173
6 73 126
83 99 185
77 55 214
22 10 224
2 11 48
33 90 169
71 8 129
30 30 102
34 65 125
4 99 134
25 71 97
21 83 231
67 83 225
8 77 93
34 40 137
87 14 173
42 56 134
11 1 102
85 13 192
77 50 225
67 41 179
89 89 217
81 73 210
41 40 213
100 66 249
46 28 212
8 75 132
44 14 196
4 39 45
85 42 167
76 18 153
69 74 143
50 80 134
87 3 187
37 43 223