100
1.1 1.0 1.8 1.2 1.4 
19 328 357
13 356 370
2 222 231
6 78 94
26 236 267
16 239 263
7 161 170
6 350 365
3 286 293
26 340 368
20 5 27
5 241 256
5 59 72
21 368 396
10 360 375
28 363 400
29 81 120
20 48 77
3 74 86
3 270 279
14 7 30
22 358 389
12 72 86
18 244 267
13 21 40
26 248 277
20 87 115
11 163 182
25 53 85
19 387 411
17 60 84
8 351 360
30 150 188
11 284 295
8 234 248
23 363 390
6 280 294
14 234 252
23 373 400
21 106 134
3 39 49
11 171 187
18 259 284
22 300 331
10 67 86
19 190 216
29 16 55
24 299 330
8 99 116
24 267 297
14 393 407
23 84 111
17 349 370
20 2 24
6 209 220
8 274 285
24 229 262
11 398 415
20 289 315
13 202 219
21 256 277
26 293 320
18 341 362
3 200 207
17 206 230
24 282 312
26 179 205
19 88 112
19 44 70
24 200 228
15 240 255
26 30 65
17 320 345
19 250 276
15 41 65
2 26 34
3 29 35
15 172 193
24 194 219
23 169 193
15 15 36
8 17 32
18 197 215
17 390 411
24 244 278
7 399 406
29 112 149
25 99 124
20 141 168
17 227 244
23 226 254
10 138 155
29 381 416
27 336 363
22 275 307
16 292 312
30 399 437
29 353 388
27 333 360
18 280 308
