150
1.0 1.7 1.1 1.1 1.9 
5 21 57
35 26 65
26 58 89
9 22 54
36 39 78
8 21 50
46 39 97
21 68 99
46 13 119
32 34 76
24 67 180
32 31 69
31 24 55
38 20 61
47 65 134
28 35 151
8 23 39
38 23 76
3 23 52
43 98 169
41 84 186
15 12 77
16 9 86
46 43 209
39 45 87
22 34 134
30 72 147
2 23 41
27 54 155
15 15 105
40 29 70
23 41 77
35 24 68
7 28 61
8 20 62
38 42 92
46 117 306
7 15 32
43 63 169
2 29 67
31 32 74
21 48 92
13 11 40
36 24 75
47 27 152
16 2 29
30 54 136
22 68 167
33 34 75
1 24 43
39 15 59
29 38 98
44 46 195
9 25 61
24 66 156
3 28 63
43 118 205
44 76 207
37 25 72
3 26 41
41 90 182
26 58 116
18 5 62
3 26 52
7 27 37
44 47 200
1 22 68
6 29 69
48 72 205
30 45 165
50 101 190
24 52 171
10 20 58
18 9 50
15 8 97
34 30 77
44 13 199
50 46 220
46 24 157
29 60 92
24 57 121
4 27 76
45 54 158
27 73 194
37 26 68
23 70 118
45 30 158
1 25 26
24 72 101
42 104 182
22 30 100
32 20 54
49 3 199
3 22 33
46 8 83
42 92 262
1 20 38
6 30 64
13 7 65
28 75 190
30 58 133
7 18 50
18 11 58
48 34 209
11 13 46
35 41 87
39 31 72
29 50 157
28 67 116
43 107 285
4 27 45
45 11 184
2 17 53
24 74 143
1 17 48
11 12 70
21 50 98
5 19 58
3 17 32
32 36 80
15 10 95
41 84 264
23 58 168
48 25 95
47 108 195
31 31 66
40 30 78
22 67 97
26 33 110
20 14 82
18 2 28
44 19 87
11 7 63
32 36 78
24 51 120
3 30 69
31 32 72
36 20 71
39 42 85
45 27 132
14 12 73
25 63 143
24 65 139
5 20 65
38 17 65
12 14 93
28 42 82
48 114 273
40 39 94
44 64 144
