150
1.8 1.0 1.4 1.2 1.6 
10 325 358
9 209 227
33 164 226
7 799 819
70 797 895
70 19 124
80 831 958
20 960 1004
84 775 881
64 626 726
63 170 244
33 550 588
97 216 357
61 819 889
43 650 702
25 260 335
100 235 354
39 150 204
57 917 996
48 563 654
17 190 248
42 459 522
24 178 213
6 512 550
7 768 793
73 607 709
55 264 332
81 854 984
59 815 887
23 637 688
13 79 133
35 881 936
65 775 863
69 923 999
2 923 939
59 50 118
10 218 249
32 52 97
96 17 147
38 873 923
16 778 802
11 69 111
3 188 221
49 845 897
62 256 353
18 368 397
80 345 442
39 33 100
79 194 302
42 819 907
82 665 782
21 426 460
71 503 598
78 230 312
38 212 271
98 890 994
88 982 1098
47 658 709
47 180 277
87 270 373
69 769 847
92 673 775
62 844 909
75 27 117
14 852 873
66 347 416
96 233 376
66 982 1098
8 977 1016
30 907 969
10 181 194
73 633 730
92 12 105
36 869 937
61 953 1015
59 891 966
93 517 657
49 792 865
52 940 1041
50 254 344
52 122 182
22 679 709
52 29 98
56 570 658
23 466 528
69 892 987
15 554 581
10 499 530
55 137 224
1 35 62
98 940 1051
73 872 980
4 57 103
42 448 529
15 850 895
27 299 374
86 100 232
13 130 145
21 416 453
27 344 405
87 844 951
33 767 815
44 387 435
39 867 930
79 685 788
72 844 960
20 459 510
31 30 92
68 106 204
38 619 669
44 713 766
71 769 872
74 285 384
75 784 903
39 548 589
74 497 614
100 887 995
29 683 757
67 28 114
33 471 553
41 427 482
98 129 248
70 511 598
49 227 325
43 180 256
21 998 1022
36 213 294
47 999 1065
35 252 318
2 323 347
89 587 702
57 863 953
8 178 223
82 161 248
36 247 310
76 951 1034
59 213 309
29 83 113
63 890 961
37 715 783
42 995 1062
43 346 393
7 204 215
1 447 479
52 775 828
11 322 362
67 106 212
9 262 299
73 934 1013
4 903 917
