450
1 1.8199999999999998 1.27 1.62 1.62 
68 42 128851
68 32 213747
73 32 12652
52 50 68092
20 45 8995
5 31 330941
25 16 396250
1 13 42572
24 33 319394
48 7 373127
36 4 58322
18 4 100674
93 34 240565
70 3 355724
39 22 486533
64 33 41094
99 44 82589
74 15 413538
20 5 155585
75 40 348225
48 12 481498
38 40 280883
81 3 141859
59 17 446626
44 22 369281
57 42 45623
81 19 165073
6 16 52411
69 2 70231
16 50 338169
94 27 393153
28 29 146863
89 47 101945
13 12 122916
8 9 228294
54 40 311107
69 15 299559
39 27 457228
5 40 151601
74 20 449147
39 24 84936
29 4 61491
28 9 293600
51 22 330706
60 10 472304
58 18 17008
49 13 35270
96 12 286354
71 33 325022
23 4 475579
45 5 110224
95 25 475282
100 14 479652
96 6 66818
55 17 330881
1 24 416997
72 4 402914
40 19 489761
83 6 406389
13 27 387397
19 21 115217
33 25 364081
44 43 202263
25 7 120587
52 16 406787
66 5 274293
26 41 339500
41 11 225935
29 39 70193
26 11 167168
94 10 361879
42 24 445923
79 40 322099
28 12 438387
68 43 1466
82 13 135815
91 29 293639
25 40 233211
21 21 392030
70 29 23445
42 3 213091
31 30 48978
33 32 33883
25 46 343661
7 40 429049
25 26 291259
59 47 49814
2 13 309836
8 17 330323
97 14 11078
68 16 8534
61 23 43591
57 40 337524
55 27 34264
74 31 460645
86 27 466086
18 4 17845
49 20 191676
39 44 484327
37 5 38284
12 40 78537
32 50 202417
69 3 459225
59 16 78909
21 11 52036
34 46 119234
10 46 307673
98 43 445362
100 38 397826
40 2 304622
88 50 444536
83 12 81716
27 48 75818
72 11 386536
69 11 474464
51 31 283991
94 45 2887
30 45 30453
21 31 254957
24 19 181584
41 15 492051
32 34 392780
17 11 91046
4 20 181632
7 35 209869
17 5 409523
11 44 187317
91 31 230645
69 45 206763
97 30 387323
72 45 477805
39 19 193620
41 46 478654
93 31 399228
14 48 181280
51 36 386067
36 6 17319
60 12 161617
9 11 174055
5 7 388074
76 17 273596
89 4 151176
51 25 475189
74 38 7118
98 35 439684
87 44 340359
27 41 139795
70 42 477836
25 34 118012
19 29 346357
76 48 305146
96 27 482675
100 10 258357
60 1 170830
62 45 263366
34 18 200463
73 9 63192
19 11 385201
95 1 336086
6 34 259763
8 4 133895
17 40 279336
32 23 490999
82 10 237781
16 33 349347
59 50 371868
67 2 87164
22 14 420517
80 5 49271
84 44 268732
50 45 208517
34 18 491829
63 15 424335
1 12 77545
83 19 236072
26 12 53421
19 6 493125
91 34 133290
16 49 321049
71 8 179626
22 46 304144
10 48 103042
73 17 490622
87 8 337487
5 43 241732
45 46 55827
1 34 325751
12 7 434614
87 19 419880
36 22 170249
93 31 347658
32 8 31393
60 8 410744
10 25 431079
83 42 349926
13 14 107219
96 25 348849
29 39 167332
12 30 100276
59 46 139712
37 6 226660
81 24 206963
79 43 170178
31 2 243648
18 34 286680
97 49 119785
100 28 264541
3 3 62974
68 29 38879
22 2 455715
73 18 94292
75 42 368791
99 23 119276
26 20 52307
34 29 321114
38 41 322070
4 6 150213
5 40 7258
11 13 449156
58 4 170725
97 30 109867
47 48 279630
55 18 372315
25 22 8768
93 49 382889
79 30 39195
8 17 365838
19 9 213996
28 39 468681
39 22 448142
92 38 458126
99 15 110924
71 45 421181
86 4 106029
1 45 473090
86 50 158351
85 17 118433
67 8 8033
11 11 388095
51 39 158052
48 10 326934
16 15 475551
13 41 460800
73 29 31965
65 4 126891
52 19 345874
49 22 167653
35 47 494500
82 11 250745
24 3 364660
55 2 493662
16 43 319629
42 39 348749
89 49 167766
72 15 299344
81 25 331395
72 49 243280
19 47 63420
46 34 112530
67 21 304409
90 11 6421
29 10 419688
21 40 155522
83 34 270772
42 2 453574
21 41 170152
7 32 102901
70 19 458652
84 21 25741
70 41 222556
44 39 64669
72 39 142226
67 36 284554
17 30 432962
12 33 413886
18 20 168179
94 49 124012
14 1 457491
71 32 490341
96 41 229555
57 21 35196
41 13 257976
80 43 335364
38 23 471713
69 32 7392
95 8 290620
38 21 337816
64 18 299010
54 22 73779
59 8 9531
2 29 496590
65 39 122450
72 44 374725
14 35 203101
39 32 442866
64 18 34521
74 34 299066
50 29 116403
50 7 92944
6 31 357197
67 31 484313
6 32 77994
59 13 398727
72 31 334088
91 11 338692
28 48 261453
30 8 182898
24 39 404800
33 29 48065
59 50 164294
23 4 386060
44 26 364586
63 12 270468
75 11 129566
78 39 102953
96 33 383288
30 27 427390
67 10 135327
74 28 201006
20 23 14728
96 1 52983
55 28 101029
35 11 457693
44 9 218981
76 10 291315
67 1 173432
15 31 240299
65 13 383852
76 8 487727
13 48 298238
41 24 178560
72 14 394539
81 28 9723
16 48 442562
23 13 305657
84 50 72236
60 47 104186
40 35 38370
2 23 481652
29 4 4325
28 26 91269
32 49 97018
64 4 380645
2 4 396011
80 26 278366
75 47 325774
2 17 196400
56 38 362522
45 41 486365
70 20 392979
100 46 281579
75 46 378086
75 42 429612
13 34 300955
68 14 77456
100 45 261548
42 20 98957
92 14 30955
75 26 390390
66 4 79598
20 40 189085
94 15 225374
51 48 270985
22 46 342469
31 35 66184
84 45 481564
84 30 209404
64 14 134782
4 49 210853
77 14 304323
25 20 16682
51 8 52598
48 45 216567
77 46 41512
100 11 188521
57 44 283777
72 20 92320
100 4 114428
27 49 325229
78 45 251277
48 24 157799
7 26 170884
73 6 106266
2 44 137160
34 33 396144
54 20 214416
89 41 5113
12 4 14370
92 28 483171
60 19 324111
39 10 468290
76 5 293082
65 13 95917
48 43 228881
41 4 248779
59 37 73204
74 42 298355
52 11 466763
39 30 4576
17 15 223014
65 23 360170
48 47 180626
64 49 146539
73 22 307344
72 5 57182
14 45 357186
18 47 169719
96 17 343214
56 48 283662
98 36 151712
23 41 223632
85 18 103781
27 10 480597
17 45 194529
27 48 147101
28 5 393656
57 8 233488
21 25 377346
41 15 74287
97 1 170374
21 29 218198
7 11 349167
20 38 369914
5 13 104498
73 5 90096
20 44 174713
16 4 292815
41 18 130923
15 5 6830
95 30 32187
12 40 129867
26 20 489492
6 46 493578
66 36 223820
27 7 159077
13 9 67736
12 44 203825
57 29 290130
26 33 15691
60 25 371737
91 8 284216
63 1 283904
79 49 108275
64 2 286171
36 22 136127
10 40 15116
66 6 226150
98 38 84105
84 32 9138
20 20 118067
