300
1.0 1.25 1.9 1.74 1.59
796 771 1568
771 58 830
58 326 872
326 872 1199
872 632 1505
632 542 1175
542 667 1210
667 427 1095
427 328 756
328 100 429
100 258 589
258 589 848
589 751 1341
751 636 1388
636 202 839
202 792 995
792 939 1732
939 465 1405
465 426 892
426 826 1253
826 329 1156
329 353 683
353 48 402
48 317 366
317 360 678
360 74 752
74 752 839
752 839 1592
839 909 1749
909 87 997
87 432 520
432 351 784
351 348 700
348 136 972
136 972 1109
972 533 1506
533 244 778
244 209 700
209 700 910
700 877 1578
877 179 1057
179 312 928
312 928 1241
928 324 1253
324 295 997
295 997 1293
997 17 1015
17 248 973
248 973 1222
973 827 1801
827 537 1365
537 998 1536
998 114 1113
114 621 736
621 440 1062
440 923 1364
923 438 1362
438 81 520
81 452 534
452 53 933
53 933 987
933 889 1823
889 109 999
109 172 282
172 94 267
94 1 96
1 19 682
19 682 702
682 26 709
26 502 529
502 370 873
370 793 1164
793 38 832
38 46 656
46 656 703
656 107 764
107 536 644
536 388 925
388 585 974
585 156 742
156 162 386
162 386 549
386 42 429
42 10 355
10 355 603
355 603 959
603 260 864
260 650 911
650 509 1160
509 262 902
262 902 1165
902 628 1531
628 723 1352
723 122 846
122 325 580
325 580 906
580 243 824
243 494 738
494 125 620
125 232 358
232 54 584
54 584 639
584 601 1186
601 992 1594
992 701 1694
701 482 1184
482 869 1352
869 282 1152
282 454 737
454 713 1168
713 247 961
247 528 811
528 811 1340
811 356 1168
356 104 841
104 841 946
841 927 1769
927 397 1325
397 421 819
421 592 1014
592 34 627
34 399 434
399 242 642
242 519 762
519 127 647
127 327 455
327 77 862
77 862 940
862 270 1133
270 795 1066
795 269 1065
269 230 500
230 460 691
460 473 934
473 529 1003
529 883 1413
883 991 1875
991 565 1557
565 556 1122
556 646 1203
646 241 907
241 907 1149
907 566 1474
566 625 1192
625 844 1470
844 849 1694
849 781 1631
781 825 1607
825 145 971
145 142 941
142 941 1084
941 184 1126
184 550 735
550 620 1171
620 354 975
354 151 506
151 12 867
12 867 880
867 259 1127
259 359 619
359 321 986
321 986 1308
986 498 1485
498 675 1174
675 936 1612
936 708 1645
708 377 1086
377 129 507
129 31 914
31 914 946
914 442 1357
442 832 1275
832 456 1289
456 404 861
404 573 978
573 372 946
372 897 1270
897 380 1278
380 424 805
424 315 740
315 65 402
65 402 468
402 95 498
95 176 272
176 123 794
123 794 918
794 448 1243
448 252 701
252 662 915
662 725 1388
725 866 1592
866 69 936
69 8 670
8 670 679
670 594 1265
594 513 1108
513 413 927
413 588 1002
588 944 1533
944 274 1219
274 314 589
314 153 468
153 213 659
213 659 873
659 783 1443
783 279 1063
279 159 788
159 788 948
788 545 1334
545 246 856
246 856 1103
856 86 943
86 416 981
416 981 1398
981 486 1468
486 257 744
257 330 807
330 807 1138
807 756 1564
756 538 1295
538 429 968
429 570 1000
570 624 1195
624 483 1108
483 385 869
385 358 906
358 906 1265
906 490 1397
490 461 952
461 214 676
214 535 750
535 587 1123
587 217 805
217 316 903
316 903 1220
903 775 1679
775 993 1769
993 350 1344
350 896 1247
896 401 1298
401 980 1382
980 467 1448
467 626 1094
626 551 1178
551 410 962
410 638 1049
638 692 1331
692 228 921
228 190 475
190 475 666
475 319 795
319 716 1036
716 575 1292
575 154 730
154 381 536
381 323 705
323 694 1018
694 893 1588
893 505 1399
505 93 599
93 96 683
96 683 780
683 291 975
291 198 765
198 765 964
765 805 1571
805 572 1378
572 224 797
224 769 994
769 27 864
27 864 892
864 227 1092
227 263 688
263 688 952
688 278 967
278 812 1091
812 679 1492
679 687 1367
687 870 1558
870 431 1302
431 707 1139
707 189 897
189 548 738
548 128 757
128 757 886
757 602 1360
602 470 1073
470 52 643
52 643 820
643 820 1464
820 845 1666
845 836 1682
836 712 1549
712 444 1157
444 335 780
335 152 560
152 560 713
560 14 575
14 139 651
139 651 791
