500
1.4 2.0 1.5 1.8 1.0
7 125 321
59 279 338
29 148 179
49 378 429
46 20 71
93 431 530
36 86 124
11 481 1451
93 268 367
47 448 495
51 341 395
3 242 250
85 177 266
48 478 532
34 31 810
83 337 420
17 464 493
108 157 275
22 281 305
96 220 328
57 342 403
36 320 531
5 39 62
82 385 479
106 125 243
35 246 298
97 19 139
46 322 394
119 114 1072
49 440 510
55 351 427
98 130 259
57 409 477
3 223 258
40 235 295
85 40 878
76 298 399
83 329 431
66 178 274
52 450 542
63 41 131
47 265 352
121 355 645
110 409 547
1 425 460
139 207 392
51 137 193
54 412 468
55 320 420
86 166 818
144 352 509
88 357 457
93 278 408
137 115 300
77 315 427
10 129 161
75 157 530
104 95 237
146 295 497
133 347 536
80 313 432
152 237 428
129 189 349
89 123 504
66 191 277
114 394 569
1 304 333
144 103 303
91 330 427
125 284 413
86 419 811
110 218 396
89 108 265
133 77 219
101 242 366
110 396 572
133 249 451
5 103 419
80 173 308
86 96 210
82 36 163
177 401 636
180 85 298
149 404 610
173 120 771
167 391 627
173 35 248
89 288 428
3 239 295
108 38 229
181 391 619
125 120 595
111 174 335
188 253 495
161 180 359
189 242 466
165 308 551
145 142 311
197 384 936
3 2 90
118 9 140
127 296 488
111 108 270
186 267 483
133 243 470
200 23 589
129 140 292
187 389 625
137 347 492
172 25 267
7 148 160
121 49 208
129 128 942
143 114 329
126 297 462
182 86 276
160 125 335
124 381 560
155 48 266
139 36 886
187 332 587
9 361 441
210 188 505
182 199 416
177 360 543
154 294 479
127 256 685
227 175 479
182 78 316
229 181 518
157 100 263
226 155 385
10 362 377
201 156 801
218 238 586
196 188 519
170 298 565
184 165 434
153 211 381
183 13 214
212 30 1101
239 143 501
146 143 363
9 89 221
239 270 555
232 344 682
212 156 430
228 306 787
151 15 178
195 105 314
195 348 547
197 317 626
222 158 488
230 54 369
10 135 327
243 284 615
183 262 558
196 136 446
249 61 438
181 160 391
189 91 348
234 299 1084
249 314 686
245 225 568
233 110 386
5 187 256
264 99 511
221 70 298
207 202 867
269 271 707
188 265 502
174 232 444
187 105 350
248 326 592
208 62 341
243 251 1002
2 51 161
189 123 413
204 323 698
235 248 646
269 171 571
232 158 413
220 112 629
205 45 264
203 174 510
249 298 586
254 141 444
1 18 121
270 150 455
217 309 1513
193 144 357
227 224 629
278 100 569
230 18 258
211 5 293
274 71 442
291 136 1195
233 166 509
8 69 259
252 71 446
266 199 609
215 201 485
212 47 276
213 148 1252
211 265 649
241 145 454
260 22 331
236 217 458
293 280 613
5 218 382
253 259 1229
229 44 327
312 263 715
247 165 416
247 285 642
264 14 407
312 125 481
267 270 1034
308 168 644
277 113 510
3 223 408
261 250 514
311 160 608
256 80 448
275 79 1064
261 146 445
247 216 655
300 26 436
250 35 421
247 239 657
238 2 319
4 224 547
248 154 425
253 160 530
267 145 590
262 236 581
249 143 445
242 185 604
277 79 964
244 59 421
262 201 535
338 135 479
7 216 327
339 107 546
323 43 437
247 70 1249
269 147 533
248 48 373
270 162 450
334 237 574
312 47 375
258 209 677
274 55 921
8 118 160
353 113 548
291 85 458
343 76 637
317 47 565
312 232 663
354 206 714
290 151 598
282 31 339
283 90 519
348 123 712
3 185 389
352 83 500
284 9 573
311 139 718
274 208 640
308 115 587
278 184 681
282 201 708
297 73 532
331 18 488
361 95 604
7 44 179
355 19 558
299 84 506
342 86 541
346 153 643
296 164 1329
351 197 731
309 109 656
318 64 615
300 44 399
370 37 641
5 176 466
305 171 825
293 82 436
290 183 581
327 39 654
364 137 772
341 36 542
301 4 396
306 23 1010
344 40 425
327 73 572
6 83 321
358 171 639
353 47 424
400 98 523
339 101 1230
317 159 774
341 84 425
312 22 447
340 155 589
396 171 813
336 193 605
5 66 685
330 186 756
325 20 644
351 97 458
327 60 483
390 122 756
317 55 562
385 35 1191
360 159 721
381 138 743
326 10 655
5 33 253
368 9 515
371 23 410
396 169 1205
338 64 487
422 123 817
414 117 545
327 68 537
404 50 535
404 172 868
340 1 894
5 94 315
338 24 634
370 68 542
373 36 597
391 96 628
399 87 750
403 154 1108
398 55 720
409 105 623
361 160 754
405 131 654
9 71 319
349 102 520
381 34 1104
441 87 848
362 16 658
358 128 566
437 59 786
441 81 869
427 118 787
440 9 967
390 126 587
8 82 394
420 22 573
454 144 919
358 36 556
438 92 731
378 119 1450
417 51 636
376 55 522
387 115 556
441 86 684
436 78 695
1 58 104
425 28 1410
418 23 645
376 9 654
376 50 733
385 76 742
374 109 811
416 122 600
387 71 1121
444 45 520
384 107 801
5 60 202
419 31 495
439 77 625
384 95 808
446 55 1499
440 47 597
407 51 751
444 108 837
441 22 738
419 26 802
469 29 667
7 81 326
435 76 631
414 63 743
420 33 823
484 99 654
419 52 617
436 49 874
474 46 1403
412 5 477
446 65 840
451 27 611
7 17 416
398 66 855
493 102 858
408 28 1003
482 101 691
498 4 776
479 67 861
474 41 834
424 44 495
465 89 724
476 30 701
9 56 72
411 53 583
438 31 629
509 85 709
426 3 746
479 6 747
507 26 922
467 6 603
491 53 643
461 84 658
430 55 502
5 36 449
508 6 770
497 67 690
434 70 732
494 40 568
442 31 629
456 43 578
476 60 865
446 59 901
488 18 813
528 51 702
10 60 362
431 7 465
435 45 592
482 35 939
474 9 679
451 56 985
472 63 653
489 2 634
486 37 575
473 25 751
464 7 480
10 30 175
525 52 1066
472 38 573
516 44 923
467 1 510
507 23 573
479 44 881
546 18 988
464 49 643
482 23 514
487 5 677
1 11 273
535 33 747
495 6 540
488 37 745
545 9 1516
524 12 681
533 44 672
483 36 751
551 16 725
526 35 955
549 11 853
5 35 529
556 30 785
482 21 966
564 18 957
475 21 576
566 8 930
511 1 664
544 29 1125
523 3 954
553 18 736
519 21 546
6 2 313
494 6 552
545 18 735
490 19 1282
489 18 681
569 1 656
536 15 580
495 9 669
520 20 926
509 8 568
542 13 675
1 8 260
534 13 598
513 6 905
534 3 554
492 5 727
566 2 820
540 8 871
568 4 962
591 6 1035
501 4 861
559 7 768
6 4 271
506 1 572
580 4 1012
510 3 563
551 1 904
