400
1.0 1.2 1.2 1.5 1.0 
26 87 146
12 62 160
13 46 129
4 79 138
81 55 185
21 27 113
47 17 140
93 41 178
37 94 145
21 86 203
1 51 143
46 9 153
14 95 168
29 50 112
44 92 187
94 10 165
79 73 204
1 98 139
66 16 88
96 62 220
1 73 78
14 4 86
15 24 93
37 64 116
68 31 109
4 25 55
63 42 152
86 64 157
53 34 135
34 20 85
29 50 160
18 26 53
29 98 129
4 17 46
97 80 205
84 8 105
62 47 161
70 1 152
44 34 154
22 51 127
68 57 136
85 61 220
74 41 133
92 75 245
79 89 246
60 10 160
14 9 119
16 12 118
18 32 130
24 40 146
44 61 108
89 70 253
68 39 109
82 54 223
33 8 45
6 32 78
35 67 176
5 62 150
11 93 152
66 20 109
22 81 165
2 96 164
96 51 182
14 6 99
38 93 217
52 79 191
92 47 151
33 40 143
27 0 76
39 95 188
100 94 195
84 21 139
61 79 168
38 19 111
87 80 267
84 65 207
3 57 125
24 46 126
89 56 160
51 97 158
96 97 226
31 3 110
15 33 134
2 62 160
44 75 153
71 38 164
32 62 108
57 92 220
100 71 258
91 18 196
97 43 215
20 89 133
72 10 130
19 31 121
54 96 157
23 73 155
16 45 161
75 97 180
95 73 244
53 57 157
43 7 92
65 2 90
45 85 191
23 61 137
75 74 202
95 52 218
82 55 214
41 58 117
72 45 164
78 48 212
63 36 116
84 58 233
69 56 190
77 59 158
30 55 109
15 32 100
42 84 177
2 15 66
51 36 179
23 10 61
94 90 211
24 74 128
12 99 185
7 39 127
17 99 215
29 57 151
34 5 106
59 31 156
48 7 85
52 45 149
64 67 218
24 3 45
76 50 204
56 36 109
76 36 205
18 100 206
88 41 174
64 11 88
30 22 74
100 35 217
5 70 109
27 59 96
28 65 190
29 66 135
9 55 138
3 70 100
9 28 126
61 53 174
97 0 102
16 94 192
28 0 39
20 3 121
72 9 145
57 40 153
52 93 231
41 89 158
6 13 71
23 20 90
98 40 190
1 13 34
55 82 138
39 100 190
25 19 50
40 54 169
4 41 54
23 94 137
88 30 214
66 20 101
92 41 185
38 85 178
38 23 140
17 14 123
14 30 93
67 77 168
21 95 147
86 82 176
84 68 182
89 71 204
86 63 218
20 17 41
69 8 142
43 59 187
28 93 149
2 83 137
21 6 125
9 28 123
42 90 199
32 30 103
77 54 225
72 19 175
58 15 155
86 92 236
59 31 130
15 2 39
65 70 180
95 25 201
93 89 187
11 8 63
63 13 82
36 28 108
58 88 215
100 66 216
94 30 156
76 59 203
48 92 162
7 33 74
1 14 92
26 9 38
72 90 207
96 72 232
57 5 108
43 45 173
29 13 112
16 83 160
9 92 177
57 91 182
36 41 106
58 36 187
32 31 77
28 72 195
92 37 137
3 19 67
32 67 188
44 79 202
56 63 128
39 81 191
23 18 139
19 28 119
33 78 191
19 19 42
23 62 158
64 2 78
52 90 188
81 17 194
6 0 35
97 94 205
99 71 233
87 14 179
93 30 152
7 65 80
1 54 113
51 13 71
57 87 206
4 43 86
14 19 127
81 70 160
12 67 160
28 91 201
58 73 167
49 59 121
29 33 108
71 54 209
98 39 157
100 87 226
14 54 142
17 15 91
72 39 130
95 88 250
60 45 161
91 32 140
11 7 99
38 75 126
31 13 65
17 43 78
66 13 91
38 28 121
44 89 155
36 91 169
21 6 44
12 60 89
61 81 233
67 60 133
62 40 112
16 24 50
20 14 107
56 88 147
80 44 193
92 66 255
48 12 70
60 25 118
62 35 113
95 30 170
37 43 136
33 4 61
4 63 145
89 32 200
60 100 169
17 12 106
82 32 173
65 59 161
40 31 143
13 68 139
67 39 186
55 17 171
47 2 138
42 84 203
11 88 170
48 70 199
37 83 171
57 26 134
93 44 224
92 88 265
96 48 163
74 61 204
5 67 143
86 6 130
80 54 203
57 91 165
72 61 214
50 68 122
52 92 175
41 2 113
48 49 155
23 20 102
63 67 145
73 4 161
80 59 153
96 42 193
83 4 115
6 51 69
50 92 150
5 48 137
14 11 101
26 91 137
98 16 142
35 28 162
83 44 139
40 43 128
91 89 240
19 94 150
68 27 168
3 12 19
95 60 186
66 83 202
53 19 78
55 82 225
14 44 99
38 51 133
7 88 113
91 82 233
15 97 182
56 71 164
29 63 166
36 42 90
54 43 133
76 32 191
98 20 183
60 1 136
11 27 116
19 27 70
17 86 141
75 96 221
79 41 162
27 75 183
38 51 189
53 0 54
24 88 160
75 91 265
56 11 143
34 41 149
34 97 184
39 85 206
74 68 219
27 2 44
69 82 179
12 10 73
91 46 192
25 3 47
9 20 105
53 79 168
51 14 86
5 76 124
29 39 79
61 75 224
31 74 165
64 9 143
1 99 118
50 80 155
98 97 284
92 100 258
59 42 162
64 51 175
58 86 150
99 44 175
12 40 66
24 37 80
89 50 228
67 73 173
99 8 137
84 23 133
3 61 71
39 15 139
10 100 152
35 3 80
34 18 81
22 20 134
52 43 126
41 16 95
43 4 77
26 36 69
