100
1.20 1.40 1.20 1.40 1.00
23 33 71
67 49 165
83 149 256
68 19 111
52 4 87
35 13 81
95 8 165
74 128 272
83 33 141
53 18 88
2 3 5
1 1 2
29 45 82
62 86 206
74 128 249
15 25 47
44 34 94
80 88 208
14 3 20
54 10 97
20 33 64
18 10 35
13 8 32
2 0 3
50 93 192
45 37 106
66 105 204
30 59 105
95 0 150
13 3 20
89 43 191
21 29 67
30 52 100
25 46 95
83 81 200
70 133 273
90 79 221
87 114 258
100 50 228
61 69 152
90 131 253
81 28 150
29 4 60
81 103 260
98 93 271
3 4 9
3 1 5
58 53 134
55 62 143
63 5 109
18 26 51
96 104 287
75 37 190
51 73 161
50 4 94
52 58 148
19 28 62
48 30 91
16 31 51
49 24 122
3 5 9
41 20 96
15 0 20
31 23 68
95 157 335
97 98 239
13 16 37
59 46 143
46 34 126
14 10 30
59 44 131
98 86 221
84 144 261
41 42 98
41 39 103
84 72 176
39 10 63
73 50 199
94 154 290
85 67 192
26 4 40
87 6 148
87 90 249
2 3 7
94 21 197
9 8 25
12 1 26
79 150 253
2 4 7
96 178 312
97 88 228
3 0 5
20 4 39
78 55 169
48 53 137
19 28 54
90 14 136
47 50 142
23 1 35
12 19 35
