300
1.0 1.7 1.2 2.0 1.4 
28 571 607
20 1025 1048
8 546 554
16 51 73
16 920 936
9 481 490
10 255 270
2 529 531
27 1042 1079
7 1012 1026
28 69 104
27 822 851
27 402 432
20 572 602
25 429 459
4 91 102
25 404 436
14 563 583
20 649 678
15 127 143
16 132 155
25 381 406
7 49 66
5 859 864
4 524 538
24 293 317
6 220 230
10 697 709
12 70 87
9 69 84
26 321 350
8 434 451
23 632 655
29 9 48
5 967 974
7 1088 1101
25 219 252
25 893 924
8 737 750
10 724 738
23 725 752
21 194 225
12 1048 1066
7 540 549
18 479 506
3 139 150
23 1064 1093
4 40 52
13 865 888
29 300 331
18 967 987
15 3 28
30 435 467
4 209 217
18 546 567
4 500 509
11 1132 1145
3 1080 1085
6 560 576
24 1113 1145
26 556 587
11 677 698
16 30 46
15 149 171
8 895 908
20 423 453
4 275 284
2 902 910
15 483 504
27 653 689
6 1018 1031
19 981 1007
8 329 344
25 26 57
22 890 916
14 223 237
23 691 716
27 881 909
25 235 268
22 758 787
26 508 534
30 373 411
11 509 528
25 795 821
23 12 43
16 1064 1087
20 704 728
13 560 583
8 598 614
17 315 342
14 623 641
20 91 121
13 356 379
30 955 993
6 107 123
30 950 981
17 743 766
23 900 930
25 503 532
5 62 74
27 1029 1066
13 1013 1028
12 414 430
6 154 166
28 270 303
24 391 418
4 522 533
10 951 964
8 773 788
2 532 542
13 566 581
25 885 917
23 1087 1113
3 833 844
22 658 686
24 439 464
24 346 372
19 637 663
18 701 729
11 1122 1135
24 106 131
14 635 654
27 666 697
26 172 203
18 1123 1143
24 1175 1199
12 357 371
24 728 753
16 295 320
8 324 342
25 1184 1218
22 482 511
2 1091 1094
2 1166 1174
5 1107 1117
2 621 630
16 561 583
7 483 497
26 67 99
7 1184 1200
15 800 825
26 1066 1099
22 722 748
19 890 909
26 833 865
20 80 105
23 958 981
29 425 460
5 654 659
15 52 68
20 565 591
29 763 792
7 890 904
9 1042 1061
22 589 611
10 966 976
24 576 606
24 1070 1100
25 871 903
16 1050 1066
20 1095 1121
20 723 752
3 1004 1015
10 1002 1017
4 452 466
6 819 835
30 682 716
7 184 192
7 928 939
4 422 435
27 869 899
29 751 786
10 340 355
3 349 360
15 990 1013
29 116 153
20 909 935
26 573 607
27 535 562
27 944 979
20 861 888
21 756 780
9 480 494
11 196 216
2 555 561
18 227 250
19 996 1016
14 1065 1086
7 557 566
28 351 382
5 359 367
13 550 568
14 55 71
20 300 329
14 754 768
13 612 629
8 205 220
23 546 573
13 1161 1180
20 119 147
11 622 637
5 785 792
15 912 929
13 342 359
9 131 144
4 441 447
18 134 159
15 865 885
20 994 1017
26 104 138
9 1029 1045
9 982 992
7 419 427
22 336 364
25 635 666
30 644 677
28 448 479
29 325 362
3 417 428
30 684 719
24 356 383
4 519 527
5 614 619
17 1050 1074
27 51 83
16 98 124
4 352 359
18 199 227
17 1003 1027
11 962 975
21 1080 1109
17 484 506
30 148 184
7 722 734
26 116 145
9 320 336
2 510 514
19 1159 1186
20 993 1015
30 1139 1172
9 899 909
27 529 560
7 693 702
6 971 984
30 590 625
10 367 383
3 1066 1076
9 370 387
5 534 540
8 456 472
24 34 64
15 425 441
6 1169 1177
2 12 20
4 1083 1097
5 563 575
21 1029 1053
4 976 985
29 483 518
5 581 592
4 678 691
4 711 716
10 1111 1123
30 115 148
8 1134 1152
24 1099 1131
2 432 439
5 970 976
21 1180 1205
28 750 784
23 481 510
4 764 769
18 665 690
16 580 602
10 893 903
22 91 122
5 386 398
29 93 125
5 848 861
26 221 247
21 62 91
23 492 518
24 209 242
3 349 357
4 531 539
3 1181 1184
13 39 54
17 133 159
25 544 571
29 347 386
13 879 899
26 896 931
15 583 598
29 900 929
21 163 194
6 1087 1096
3 952 963
7 1070 1078
18 697 720
30 814 852
