150
1.0 1.4 1.7 1.1 1.1 
67 64 201
24 93 123
28 91 193
22 35 98
88 14 153
46 22 149
3 55 71
54 34 166
28 61 181
11 7 93
53 46 132
51 87 148
42 98 146
81 33 115
28 48 112
51 58 173
50 47 165
30 72 104
57 93 168
98 0 142
13 53 117
70 15 91
66 87 206
32 58 111
49 24 131
98 31 148
91 5 146
4 2 98
74 51 194
54 89 152
43 23 124
94 19 154
45 4 119
5 70 88
64 27 179
64 6 73
41 35 103
64 37 151
76 49 183
78 79 179
50 75 185
16 31 90
100 58 215
30 19 76
19 94 201
48 17 86
42 43 172
38 6 110
19 5 120
83 56 204
85 48 224
12 4 101
91 38 152
17 30 55
44 93 169
82 49 195
98 26 201
99 62 201
96 92 228
14 88 129
71 37 134
34 10 133
94 26 163
23 35 153
36 41 168
18 20 82
93 39 184
81 89 257
54 85 215
94 68 199
85 96 212
51 72 125
9 41 118
63 44 153
87 77 208
70 3 138
7 92 130
1 23 122
72 94 199
40 46 138
62 65 165
40 75 170
17 57 121
99 50 249
21 53 116
41 50 122
73 84 173
42 41 120
48 34 134
14 55 113
7 45 57
83 36 156
56 79 203
17 57 152
70 38 119
100 27 161
31 84 116
51 11 89
92 36 214
71 16 150
89 66 162
3 100 202
45 72 161
66 50 188
7 0 100
31 98 191
75 31 183
63 31 122
38 55 178
7 14 79
41 20 131
50 92 223
19 28 94
35 66 144
95 91 196
21 82 151
94 95 229
1 11 70
81 83 182
40 56 147
15 28 82
34 0 134
100 97 282
64 69 193
6 40 101
36 45 143
57 62 129
28 84 147
7 2 51
63 50 203
55 12 94
87 1 143
91 9 105
87 13 166
92 85 186
46 60 166
98 40 236
32 44 87
100 15 161
28 41 142
38 12 141
7 91 100
91 77 170
55 65 220
84 33 147
44 84 175
17 10 115
82 39 204
5 77 171
39 24 156
