350
1.4 1.2 1.1 1.1 1.0 
23 1185 1210
13 945 958
29 785 820
15 930 949
14 228 245
17 865 885
19 348 377
6 1179 1191
24 120 153
2 462 472
30 768 806
25 303 332
19 910 934
13 875 898
7 183 191
26 116 148
29 1239 1275
22 1192 1222
8 1068 1080
29 753 788
20 700 727
14 125 143
7 127 144
25 189 222
12 869 882
23 318 349
4 59 63
21 293 319
23 819 845
8 326 344
28 281 313
15 985 1008
7 980 988
6 559 571
11 1367 1386
9 30 46
28 1110 1143
8 662 679
29 64 99
14 25 46
9 343 352
22 205 236
27 81 115
16 895 921
18 456 477
12 37 53
11 1216 1234
23 347 375
27 463 490
26 1256 1283
14 1203 1218
13 638 655
22 139 169
25 1393 1419
6 684 693
14 483 497
28 757 786
11 672 683
11 1135 1155
7 1038 1049
25 256 289
3 1142 1145
19 189 217
23 1266 1293
7 266 282
19 485 513
30 678 712
20 227 257
22 1382 1408
30 1070 1107
5 946 960
15 371 390
2 485 487
2 654 658
19 313 335
19 437 459
8 1077 1086
13 1314 1331
29 255 294
26 472 506
13 224 244
12 1118 1132
26 1237 1266
7 625 635
28 751 786
10 375 392
4 774 785
3 1162 1171
10 59 75
10 1399 1414
19 1160 1185
12 511 527
26 276 307
26 281 308
10 499 517
10 820 834
9 396 407
19 1277 1300
7 1123 1130
11 944 963
10 1188 1200
9 335 352
9 465 477
10 1184 1204
27 232 265
17 1141 1161
10 1281 1297
10 1043 1062
27 1224 1259
19 498 525
20 925 945
27 1196 1230
13 627 645
3 137 148
17 858 881
5 1 15
13 518 540
3 593 602
21 880 902
6 575 591
16 100 126
25 1200 1229
26 1195 1231
20 121 149
20 811 834
4 1355 1367
11 764 785
24 1212 1242
3 1133 1146
7 349 359
12 109 122
27 1029 1064
6 1181 1196
3 907 913
9 1269 1286
19 628 651
8 964 975
27 962 997
28 1021 1054
22 755 786
5 941 953
27 755 786
7 323 336
30 866 902
26 1055 1083
23 989 1012
11 63 74
19 777 806
24 708 742
5 612 626
19 273 300
15 188 206
19 177 204
18 402 422
29 808 840
6 910 921
15 1344 1364
10 29 39
11 479 495
22 927 952
23 226 249
9 51 62
19 990 1014
16 1017 1036
9 976 990
28 1371 1407
4 573 579
20 1382 1403
21 538 561
5 662 672
27 925 961
26 185 213
23 467 497
20 903 932
3 1313 1320
17 425 447
16 1130 1156
23 1117 1149
14 1050 1064
25 513 539
16 1371 1396
15 344 366
29 934 972
15 920 935
20 1294 1314
27 380 407
21 449 474
30 947 982
2 884 888
17 728 747
22 659 689
23 716 746
22 923 953
24 960 990
27 746 779
18 817 839
21 162 187
23 787 814
15 1147 1168
17 614 640
9 195 204
15 1000 1016
20 846 871
10 503 523
27 569 597
8 892 900
21 889 915
25 774 803
26 1043 1073
3 557 566
19 1324 1349
4 474 479
16 635 657
30 480 511
14 763 781
15 1298 1320
11 494 505
13 1002 1021
29 101 131
6 945 961
6 1156 1165
12 847 866
23 71 101
2 378 387
16 661 679
24 1234 1262
4 971 976
17 1365 1391
24 72 105
8 450 458
27 147 184
30 244 277
18 804 832
30 115 145
4 492 496
22 1336 1361
8 969 984
24 1011 1042
18 820 846
24 69 100
21 810 840
12 1052 1065
10 1289 1309
3 906 909
26 1091 1120
16 465 488
27 995 1025
18 269 291
30 728 764
8 168 185
22 1283 1306
5 607 614
19 366 385
17 225 252
14 843 867
11 353 368
20 323 351
9 548 557
18 142 163
27 794 824
9 1332 1341
24 824 853
30 823 863
4 965 970
15 520 538
17 107 126
30 196 234
18 145 170
5 254 266
21 1308 1335
4 928 938
9 788 800
14 162 181
4 241 255
7 58 65
23 962 994
16 1027 1052
25 339 367
24 1346 1378
6 1019 1026
23 603 626
7 550 558
20 1343 1363
4 74 80
26 314 344
15 209 226
23 1235 1267
3 335 339
21 1382 1403
28 561 592
25 1314 1341
14 926 942
23 876 905
30 115 146
22 1026 1056
28 415 447
19 1398 1425
19 43 67
3 1095 1106
16 79 97
20 1001 1029
12 325 344
10 1346 1357
11 207 222
17 541 561
7 255 271
26 11 39
27 1038 1070
5 1216 1224
7 409 416
3 1209 1212
22 963 995
24 1285 1319
10 726 740
18 808 832
24 126 155
20 1192 1222
17 92 109
21 1300 1324
5 985 999
15 1339 1361
12 595 607
28 1139 1175
27 1176 1209
23 375 402
12 1335 1349
16 152 174
19 693 716
13 80 93
29 534 567
13 1068 1085
30 1128 1162
17 157 184
28 953 982
24 609 634
4 223 231
25 924 949
5 1209 1221
3 1376 1381
8 1038 1049
21 5 36
20 707 728
16 1318 1341
25 151 178
8 1097 1108
13 1372 1395
4 408 421
17 984 1005
3 1361 1370
23 786 818
