500
1.0 1.5 1.6 1.0 1.6 
80 34 171
98 74 180
82 93 209
46 13 106
66 29 113
23 54 88
70 91 176
47 71 149
21 1 44
39 84 157
64 62 183
2 32 132
50 62 193
40 32 147
2 19 94
58 100 250
90 31 209
33 51 127
84 44 167
14 61 173
69 75 182
68 84 223
2 23 115
83 42 161
75 0 90
44 53 172
91 81 216
91 64 157
51 6 76
71 47 150
97 81 267
92 66 206
79 0 89
71 64 221
93 41 152
12 44 96
8 16 93
100 27 181
58 76 172
31 32 155
13 62 138
99 73 206
65 10 141
6 54 108
83 49 148
21 65 110
2 64 68
20 18 39
57 95 195
48 61 146
7 80 98
36 70 154
5 66 119
44 74 188
93 8 142
14 3 62
39 40 85
78 41 179
74 100 262
77 96 222
29 37 126
66 33 100
98 40 236
36 92 228
17 22 48
62 96 227
73 66 160
53 66 184
75 55 192
79 4 162
74 90 252
25 5 51
63 89 187
36 59 187
22 18 114
58 68 153
20 19 56
97 82 259
30 85 208
32 62 194
13 46 145
12 4 62
64 28 115
10 75 105
88 2 151
20 48 118
42 9 120
14 46 149
92 13 194
40 84 202
24 85 114
43 68 195
45 21 154
52 15 144
22 98 151
87 3 99
95 100 221
65 20 182
96 27 166
45 10 59
26 64 185
55 21 156
97 21 127
46 12 87
1 28 32
16 26 66
22 51 100
53 59 152
82 69 156
54 20 130
29 48 158
63 25 163
39 81 217
30 74 128
13 15 77
38 89 192
84 75 184
68 69 201
94 11 116
53 72 154
11 11 32
8 72 114
18 23 65
21 5 99
98 37 168
14 53 105
100 93 219
33 55 161
72 66 219
2 89 164
57 68 171
20 21 136
9 13 105
98 77 254
54 100 216
7 17 49
84 33 139
12 13 97
79 66 201
13 54 123
40 65 128
88 7 166
86 14 178
78 99 258
79 16 130
51 92 155
66 44 116
46 78 175
60 71 141
59 49 155
22 98 141
51 94 147
51 55 174
20 44 164
75 30 169
56 13 153
69 98 194
60 6 92
52 97 210
13 80 137
79 64 235
26 46 167
82 3 133
3 97 134
88 61 150
77 11 171
41 28 126
77 55 167
52 61 182
37 26 84
61 18 152
35 87 178
70 63 151
73 64 165
82 80 164
85 28 186
34 0 123
21 92 141
13 25 98
51 74 195
32 27 105
51 20 142
40 66 111
34 46 103
97 58 231
63 23 130
65 46 116
81 35 118
69 18 131
72 81 198
64 25 120
8 66 153
60 94 240
16 4 39
89 69 180
76 40 132
14 47 144
42 40 127
71 87 246
66 89 244
41 43 151
26 5 85
47 61 138
51 29 103
61 56 166
82 18 188
14 34 78
30 6 135
61 89 216
83 77 209
92 83 259
83 49 227
100 68 246
98 48 213
95 89 254
37 71 124
85 3 182
46 62 165
61 18 106
8 29 63
75 65 185
3 54 124
13 12 91
29 71 102
50 65 153
5 64 143
89 60 215
52 45 121
82 39 148
4 29 95
98 2 182
6 28 89
63 39 187
70 62 140
70 22 99
50 78 139
100 61 240
71 89 192
65 73 171
16 74 157
94 54 214
26 88 135
79 57 208
58 51 147
63 34 99
53 3 108
33 63 184
47 1 118
65 52 154
84 98 252
49 50 190
29 3 123
35 81 213
53 49 193
9 58 72
56 67 175
46 67 213
49 18 74
1 35 115
4 9 97
98 69 214
35 12 70
5 37 132
57 72 219
63 8 163
41 35 93
28 3 83
67 42 159
57 87 176
64 27 153
70 74 229
11 10 58
31 97 132
25 22 100
4 32 129
93 67 259
90 94 223
22 30 141
2 100 161
82 89 267
78 37 198
46 65 157
95 64 172
25 29 146
99 23 170
88 21 152
2 13 40
85 7 178
13 78 131
41 87 169
49 30 85
23 66 134
37 52 175
33 41 147
7 20 58
39 64 147
81 98 255
14 94 127
78 59 205
25 70 121
46 1 120
4 68 130
54 12 115
92 96 191
30 33 96
69 84 170
49 21 159
51 27 91
67 24 131
2 92 166
92 0 189
58 81 213
1 98 113
81 12 178
16 29 59
25 75 116
72 71 197
82 55 149
91 100 203
100 32 184
84 81 178
89 46 162
21 56 164
68 84 247
98 63 165
71 49 123
47 35 115
9 97 139
72 75 217
72 34 125
64 33 125
94 98 260
22 12 94
66 71 151
77 37 120
75 26 123
62 95 255
71 29 174
33 28 83
72 48 201
99 97 271
23 99 160
72 16 115
60 35 111
1 67 114
92 18 145
83 65 217
71 59 139
65 13 141
39 74 179
60 21 118
95 21 209
40 57 150
3 13 36
92 28 122
10 97 139
72 87 243
76 86 163
8 76 133
56 86 208
2 48 120
83 44 175
33 58 107
24 71 182
53 82 143
92 39 209
72 100 233
5 58 65
50 40 102
75 0 87
14 78 121
36 30 72
20 61 93
46 35 148
36 81 148
87 67 212
56 82 190
88 43 159
91 58 198
41 36 96
1 20 109
95 48 206
3 77 102
24 36 152
70 87 186
28 27 79
10 49 126
32 64 106
59 86 210
49 42 169
26 100 200
78 66 214
58 36 147
6 84 142
60 64 207
77 26 181
92 18 148
5 25 118
69 47 186
67 35 131
91 15 178
41 39 95
78 99 204
30 28 142
28 15 127
39 69 125
59 52 142
29 54 119
57 73 159
33 41 96
69 7 168
90 58 168
21 87 176
26 34 71
34 86 151
56 47 158
43 80 151
55 44 184
86 62 174
37 75 204
45 36 106
3 37 120
50 82 157
29 75 131
69 22 163
73 64 229
31 42 145
47 34 111
74 85 202
60 43 184
48 70 201
35 11 65
95 89 254
53 36 148
84 34 182
25 3 107
17 64 167
28 80 176
59 6 109
58 82 218
72 26 101
42 34 118
5 65 167
17 29 77
92 23 195
41 91 151
63 49 116
22 46 137
12 77 127
63 3 103
78 51 190
18 56 148
37 32 109
13 76 110
1 73 155
59 44 116
38 17 86
58 93 169
53 36 108
53 52 202
87 40 134
87 90 264
24 26 82
67 97 230
3 69 88
58 96 228
93 31 220
7 60 118
39 55 134
67 94 231
42 90 147
8 71 97
59 85 183
91 30 171
88 19 134
57 100 199
58 25 140
1 38 87
45 55 118
7 15 73
28 66 159
4 59 67
94 92 284
16 94 133
28 19 145
92 79 196
6 4 58
87 60 215
65 79 217
63 16 146
99 22 191
14 25 115
27 79 194
46 12 65
63 91 225
31 28 151
44 29 103
79 36 194
3 38 75
40 2 69
