100
1.0 1.2038644653116908 1.6126482903102308 1.6921407850990882 1.5864745524843056
37 739 781
39 839 880
36 139 181
34 648 685
27 1256 1288
30 656 695
40 914 971
22 79 107
28 929 959
34 1477 1513
51 915 985
26 459 492
37 384 424
37 739 784
62 322 408
49 549 610
46 111 166
51 696 774
48 153 214
45 363 418
29 539 574
42 1015 1074
30 1016 1048
41 108 165
50 637 696
30 458 499
42 376 420
43 563 623
38 258 297
35 799 848
59 901 960
39 546 590
32 585 652
33 28 66
58 466 527
38 1177 1216
22 740 774
70 76 152
16 1719 1742
27 1593 1643
37 124 164
56 143 208
30 925 980
37 853 894
46 830 882
50 18 69
44 973 1018
57 1485 1544
39 206 280
34 655 700
32 1032 1095
54 1205 1266
44 410 456
44 814 858
55 159 225
28 188 225
40 395 447
32 454 503
45 671 725
30 895 943
38 1197 1253
39 1290 1335
42 30 74
33 564 620
50 4 61
40 562 617
40 235 289
53 668 729
23 2 52
22 1059 1091
36 603 645
42 733 785
51 129 192
30 1565 1600
49 464 530
57 345 411
37 305 370
36 78 133
37 1393 1441
41 151 198
29 950 985
41 323 378
50 93 152
35 129 178
39 28 81
36 488 529
41 609 660
32 300 346
59 1012 1078
39 444 485
41 874 933
47 678 729
30 39 79
48 884 955
35 44 84
27 406 450
61 1253 1327
53 933 992
38 1084 1128
57 890 979
