400
1.0 1.5445114124230637 1.6152845889281005 1.598024047348816 1.666438645736507
158 739 961
175 2290 2568
120 1674 1813
169 1828 2012
186 4548 4808
145 1702 1849
196 3026 3250
178 2039 2285
143 2298 2486
154 1450 1622
114 2966 3093
147 1767 1947
185 3206 3404
184 1205 1391
163 2048 2217
134 4620 4779
139 2363 2548
140 7131 7341
188 323 529
175 284 480
128 3740 3880
139 2399 2683
171 54 238
180 3234 3445
117 857 982
169 373 591
150 253 416
184 1704 1947
159 1580 1774
153 105 298
170 1839 2066
183 4477 4722
135 194 362
150 3429 3622
185 3323 3587
162 2487 2697
173 3628 3802
137 2093 2247
149 1134 1349
151 318 509
218 1563 1810
159 245 448
156 1275 1442
159 2374 2640
150 335 513
148 453 607
174 682 926
167 70 328
171 39 337
158 3297 3497
123 6689 6866
162 1203 1475
157 959 1187
170 2023 2283
139 3605 3842
181 3329 3543
196 1309 1522
172 2647 2838
156 4754 4911
151 3369 3585
128 4366 4570
134 4097 4276
171 1059 1256
201 1799 2004
195 4283 4563
175 1474 1679
149 1474 1627
161 3650 3912
156 2986 3150
120 1348 1506
147 1137 1290
164 2987 3244
169 558 729
118 2960 3089
134 933 1129
168 3290 3471
193 4693 4893
130 2076 2310
156 3093 3294
125 1845 2014
189 3343 3546
112 960 1114
131 7736 7935
186 1695 1926
173 3945 4176
150 837 1043
140 1543 1738
169 746 937
205 1693 1969
194 1410 1686
122 345 511
172 636 881
177 1392 1637
163 3074 3244
148 3386 3617
115 2714 2858
159 3470 3677
142 6283 6444
154 2554 2797
117 3031 3191
201 2249 2529
185 3434 3622
175 2710 2978
201 3004 3240
172 1690 1899
173 3600 3794
177 2331 2511
176 375 680
135 2055 2198
172 1529 1768
167 2596 2775
153 3518 3677
176 3073 3265
142 2778 2996
151 4403 4580
159 462 698
200 2562 2839
135 2279 2467
165 4802 4988
177 2814 3010
174 3588 3802
141 5527 5716
137 1863 2086
156 3016 3185
162 6426 6614
152 3741 3923
135 5577 5788
150 328 487
179 4782 4973
123 1015 1182
191 1112 1407
185 5780 6035
180 2634 2877
199 2854 3111
169 2484 2759
139 4011 4169
184 484 714
150 2787 2938
159 354 513
164 2338 2522
149 7151 7329
171 2544 2771
152 4552 4780
207 4132 4343
192 3026 3306
168 354 541
158 1637 1840
155 2964 3138
156 5152 5419
179 2821 3065
216 464 765
210 2463 2757
166 1412 1631
142 2919 3090
171 2995 3202
153 62 264
141 2194 2403
162 1550 1782
209 2155 2450
174 734 978
105 2784 2949
161 2883 3137
154 3637 3821
161 1747 1932
154 3029 3218
132 1770 1925
135 1959 2148
125 1262 1449
143 2640 2792
186 1954 2170
140 3239 3399
171 2780 3055
122 3323 3564
154 3304 3515
173 3342 3580
139 3158 3398
148 4613 4834
143 2016 2235
173 1523 1722
167 3378 3555
128 1258 1458
166 2536 2774
120 3328 3498
154 1950 2105
116 607 725
163 2296 2467
195 2505 2759
161 833 999
147 4602 4816
160 741 943
155 6653 6817
188 149 342
154 4059 4249
194 853 1128
171 251 435
174 3895 4085
144 3579 3759
150 2599 2752
154 6207 6435
195 3056 3291
138 2998 3163
146 1215 1430
159 1419 1619
161 1784 1955
157 556 733
151 4388 4636
164 2077 2243
176 213 409
156 1780 1969
192 4235 4456
188 1880 2141
143 1237 1432
138 155 332
147 3661 3850
149 4036 4219
138 2795 3030
204 4489 4718
148 3037 3198
136 711 872
116 5301 5419
177 39 258
176 209 427
161 85 263
176 2152 2338
120 570 757
146 1189 1368
140 2792 2950
143 790 937
154 4790 5046
145 3292 3453
200 2367 2634
149 3060 3222
175 6295 6498
154 1267 1466
147 3766 3951
142 338 493
197 3573 3787
141 3061 3229
192 1650 1863
174 3729 3909
159 904 1080
173 1045 1284
126 1332 1501
160 1222 1442
175 5732 6019
99 3063 3193
143 175 327
169 5294 5491
154 1733 1924
124 85 319
136 87 255
172 5142 5366
138 93 331
141 2711 2873
146 1098 1266
127 2615 2787
131 5231 5449
177 2757 2950
119 5245 5379
173 617 874
200 2767 2984
122 1798 1956
183 2585 2843
133 4512 4716
144 2791 3013
154 2881 3116
158 3190 3389
172 3018 3259
172 839 1032
147 7802 8024
191 4249 4483
181 1768 1949
155 4620 4852
129 2832 2985
163 2208 2422
179 2854 3075
159 289 463
179 2728 2943
190 258 478
177 125 313
139 6578 6772
147 2833 3102
162 2725 2952
160 3391 3579
138 174 370
156 4856 5069
116 4190 4319
154 368 566
126 6739 6930
132 1980 2223
158 2985 3175
194 3990 4219
150 303 534
181 142 328
180 1986 2204
162 473 710
164 100 299
183 685 976
190 2614 2832
162 1370 1593
135 1076 1275
127 1391 1579
182 3028 3240
136 2892 3130
129 1699 1872
155 6548 6774
163 1969 2162
140 4194 4363
140 418 630
133 299 466
176 4207 4400
196 2878 3077
122 4109 4270
162 531 720
171 530 715
173 581 789
152 1590 1819
148 19 275
174 918 1122
166 2048 2301
143 3256 3445
172 2582 2802
169 4005 4215
161 1894 2139
138 3602 3751
191 448 685
165 466 674
145 3334 3563
189 1796 2057
192 3229 3490
181 1298 1554
138 845 1005
142 3592 3738
167 4874 5089
168 455 630
151 898 1145
172 2180 2407
180 3118 3320
141 890 1124
143 1034 1205
134 3483 3623
175 1848 2037
104 959 1086
188 4806 5033
142 1779 1954
144 1004 1196
152 2417 2597
155 873 1101
104 833 1023
139 3339 3526
144 81 283
163 6178 6346
175 984 1175
158 2184 2382
154 1750 1987
163 3336 3555
143 1 172
202 3671 3896
193 183 450
168 1910 2217
162 2514 2724
130 1387 1588
151 1012 1182
184 1930 2189
133 805 987
148 2409 2581
152 1336 1551
196 5761 6018
151 4953 5124
129 1956 2098
146 939 1161
184 748 943
113 1695 1835
124 1915 2194
166 4852 5022
182 757 956
167 747 917
162 838 1002
171 3066 3268
122 469 599
170 3634 3804
156 798 996
141 2376 2521
161 356 539
191 7651 7876
160 3549 3743
112 4125 4314
181 4346 4539
142 2244 2474
137 2761 2914
139 1755 1940
118 3057 3183
142 1846 2017
165 27 197
110 116 239
179 2542 2738
175 4421 4655
168 1897 2090
140 3530 3700
171 3075 3293
