300
1.10 1.60 1.30 1.70 1.00
32 56 103
18 12 46
83 98 246
87 105 237
91 71 204
64 69 161
59 96 195
63 33 113
87 129 258
50 100 199
76 66 163
64 37 125
58 50 128
25 9 41
12 24 40
68 73 190
100 8 166
99 121 264
14 15 34
77 24 158
33 26 79
20 7 36
31 15 60
46 11 83
44 52 113
77 63 207
43 1 55
87 3 139
1 2 3
75 58 168
17 27 52
32 36 90
15 10 32
12 2 18
63 6 105
52 92 175
48 95 167
58 15 93
56 41 121
61 68 166
36 51 101
45 34 100
6 11 18
63 18 119
95 164 310
3 2 6
82 48 180
56 9 90
92 156 270
90 5 125
8 2 14
36 1 50
17 27 57
56 28 98
47 60 140
93 149 307
7 9 22
69 8 112
45 25 111
43 85 164
27 32 67
26 32 64
59 109 222
45 60 128
41 2 61
79 117 253
47 27 108
7 14 24
68 84 180
6 2 11
12 18 32
5 2 11
21 4 37
15 16 42
37 36 86
85 45 157
81 70 167
90 89 221
65 98 222
78 17 112
84 32 161
73 121 215
13 14 33
27 21 57
80 108 231
98 11 182
48 11 96
8 8 22
12 13 33
9 1 15
85 54 213
29 56 105
75 148 259
7 0 10
58 7 82
3 0 3
35 26 69
31 15 67
16 10 37
76 56 180
36 44 96
72 100 232
10 2 17
89 142 315
48 96 172
9 15 30
72 27 116
39 0 51
60 116 235
49 23 112
88 174 339
72 54 186
93 87 255
84 100 219
49 13 97
13 12 36
9 8 24
56 82 171
66 127 248
41 57 130
41 27 98
9 11 22
43 58 116
48 80 144
29 4 52
5 1 9
42 43 110
43 72 126
67 8 95
51 76 146
81 141 241
49 81 150
26 29 61
95 137 273
29 55 110
71 41 148
42 19 72
41 48 103
57 14 114
92 73 210
44 71 142
29 24 76
53 78 172
31 59 101
83 82 206
58 86 199
22 14 43
94 166 313
100 128 310
91 73 199
82 129 235
28 21 56
100 162 338
80 87 213
76 63 175
100 135 278
51 22 107
34 53 104
41 33 107
22 1 37
35 15 72
60 89 195
80 82 210
33 16 64
66 40 145
59 2 74
40 62 137
49 26 110
48 70 160
13 1 25
37 13 58
16 7 36
67 68 166
69 123 212
97 150 334
92 90 254
36 52 96
13 2 22
3 6 11
57 114 188
90 178 305
58 70 143
8 4 15
89 90 233
88 100 241
36 7 50
28 15 59
73 8 103
96 78 204
72 68 188
82 28 134
25 50 96
16 14 42
85 96 200
35 21 67
94 41 174
19 25 52
68 62 177
81 7 154
45 8 74
91 88 250
74 137 281
45 40 117
7 0 9
59 6 104
47 59 116
23 28 71
66 46 165
82 109 214
85 116 228
94 156 278
6 2 11
60 81 189
30 47 104
48 68 131
53 3 102
74 129 235
20 24 59
86 11 120
22 19 59
58 34 143
38 39 111
24 36 67
40 55 131
16 28 58
54 92 162
52 33 133
46 37 124
7 7 19
32 5 68
90 99 211
55 13 104
6 10 21
71 115 240
84 38 151
99 147 313
54 9 108
5 0 7
20 21 52
27 48 88
19 11 43
58 43 136
77 20 167
63 10 105
43 55 128
18 1 33
8 14 27
83 84 217
8 3 15
96 59 225
34 39 106
20 31 57
68 107 217
27 1 52
54 31 133
78 19 152
74 46 178
51 45 115
8 0 14
91 57 205
68 36 167
86 130 234
70 103 227
45 25 93
79 132 252
42 74 135
65 16 138
4 3 10
7 4 17
49 28 91
100 24 194
13 5 30
6 3 11
59 61 178
97 31 161
74 56 145
39 23 87
54 29 130
75 49 141
85 168 298
87 12 119
19 11 48
21 17 44
25 45 94
58 54 167
28 35 70
44 24 110
64 28 141
29 12 61
13 11 29
53 34 109
61 56 159
15 27 49
19 17 46
72 8 139
21 4 37
89 108 242
99 135 279
35 26 88
79 24 129
