400
1.0 1.1 1.1 1.7 1.1
17 0 66
16 25 41
14 11 67
11 29 58
9 0 41
15 30 45
15 7 54
11 3 46
20 7 65
18 17 64
18 27 59
6 7 64
6 19 58
16 18 49
10 17 42
18 14 49
6 30 63
7 18 52
9 30 52
11 26 42
18 23 66
18 26 58
9 1 45
20 20 54
10 16 52
6 0 41
5 19 68
5 9 61
11 5 57
10 0 67
10 5 64
6 14 62
7 20 46
19 19 48
16 12 52
13 16 52
8 3 66
9 1 54
16 19 47
10 0 40
12 30 42
5 11 60
8 25 61
13 13 69
14 2 41
8 26 69
18 5 50
6 19 54
20 12 66
7 23 44
8 7 47
10 22 43
18 13 44
14 7 52
13 21 42
18 12 46
17 19 62
8 28 70
12 15 42
19 17 52
17 8 58
16 25 57
17 5 62
7 28 40
17 21 59
12 4 53
14 3 59
10 2 51
15 20 62
18 27 66
16 8 44
14 10 62
9 20 69
19 19 58
14 24 50
7 8 53
7 8 63
13 15 51
16 9 50
7 23 54
20 21 49
20 2 63
8 30 40
20 29 70
7 14 57
8 2 42
11 1 62
14 18 51
19 9 67
17 25 65
17 10 41
6 11 60
5 13 42
7 7 66
14 19 60
5 12 43
15 4 68
6 23 61
9 4 60
5 27 60
7 23 52
19 5 68
8 3 45
6 14 58
7 26 41
12 13 48
14 13 41
10 23 41
14 9 48
19 23 45
17 21 47
6 28 60
6 6 62
13 1 64
9 11 60
16 19 62
12 5 52
9 15 41
16 1 66
7 24 65
16 2 62
8 2 46
5 22 59
7 19 66
19 0 42
18 14 62
9 28 69
8 1 52
16 5 58
14 0 48
10 4 49
5 3 64
5 28 44
20 22 49
10 1 45
12 7 69
16 0 49
14 15 58
6 5 48
18 27 51
14 13 48
13 19 63
13 30 54
13 1 70
12 15 50
11 10 46
5 30 53
13 28 41
17 2 62
14 11 63
19 3 65
7 30 55
20 25 49
5 24 56
6 16 69
13 11 67
19 1 57
14 21 51
6 28 68
15 10 57
18 6 44
14 12 68
13 29 66
10 16 69
9 18 64
17 0 44
7 16 70
10 11 62
18 27 50
20 25 70
7 29 70
13 13 64
8 10 41
15 29 59
16 4 56
10 19 61
9 20 58
10 16 66
14 14 46
8 17 61
14 16 50
16 6 40
5 3 45
19 15 45
12 9 41
20 22 54
12 27 68
10 24 54
17 30 47
12 20 45
14 2 42
5 11 55
7 18 61
8 11 60
18 29 64
14 16 40
14 22 45
13 10 50
16 9 43
9 2 61
16 17 68
7 16 48
13 8 49
10 15 47
7 2 69
8 18 55
10 18 49
5 28 66
20 18 69
11 12 40
8 12 69
15 10 50
13 21 40
14 16 49
14 1 44
10 5 52
12 24 64
15 30 52
18 8 62
10 16 56
15 22 58
15 5 53
15 4 61
14 19 42
5 5 69
13 14 51
15 16 40
11 15 53
16 18 68
6 21 49
7 1 59
14 18 40
16 8 42
6 17 48
16 26 61
12 21 66
16 29 60
9 0 50
14 16 69
11 30 48
9 26 46
17 17 59
20 12 52
14 29 43
12 24 42
18 3 50
9 5 42
13 6 49
15 0 49
14 25 62
11 5 61
7 16 59
11 1 57
11 25 42
12 8 59
20 18 40
6 24 68
18 18 52
6 23 62
9 13 46
5 5 51
7 3 50
18 25 53
13 5 59
17 0 49
5 2 65
8 28 63
19 10 54
8 28 48
9 9 40
14 25 68
13 5 67
6 14 65
20 1 43
13 26 44
10 20 51
19 29 50
14 10 68
9 13 67
10 7 70
14 23 42
9 4 58
8 29 60
7 19 62
18 30 55
16 8 54
16 21 55
18 14 48
5 20 61
15 10 49
12 8 57
14 12 40
8 7 53
18 11 57
6 12 70
16 8 63
12 29 41
15 15 54
13 13 70
15 28 49
8 2 49
14 12 46
7 10 65
10 10 66
10 26 54
6 29 53
16 1 54
13 6 64
20 8 62
18 3 60
12 0 69
9 21 42
17 17 44
6 9 58
9 26 66
20 25 49
7 21 70
17 22 49
14 11 44
20 8 55
7 3 51
16 13 57
10 18 62
20 0 67
9 29 43
15 10 63
16 30 46
13 29 63
18 21 64
20 8 60
18 13 66
9 21 65
5 6 65
9 24 66
20 16 59
11 23 53
11 0 41
16 9 50
8 6 52
5 13 41
18 1 57
18 0 54
13 8 58
16 24 40
16 8 56
20 4 48
13 6 53
11 28 46
10 19 63
8 27 42
10 30 58
11 16 46
8 2 60
17 12 52
17 14 48
9 24 45
18 6 69
14 23 65
6 6 50
20 5 54
5 25 56
18 29 55
6 12 43
19 19 58
12 13 61
16 23 68
18 21 69
11 9 47
7 12 67
18 11 50
6 24 40
7 13 54
5 16 48
18 2 53
19 15 43
20 10 65
17 18 55
14 14 48
10 2 48
17 25 66
18 5 42
17 16 51
14 29 57
15 26 63
10 24 46
11 1 47
10 26 54
10 17 67
11 7 49
14 27 56
14 10 45
11 13 68
13 22 68
11 15 50
9 23 67
5 12 59
14 22 48
18 10 58
13 18 59
12 0 55
