100
1 1.56 1.5899999999999999 1.26 1.24 
82 13 115104
4 3 213086
22 9 74619
24 24 147959
18 16 191043
40 11 443715
42 20 38132
33 4 245229
8 9 196442
74 36 24078
8 48 306077
89 22 62020
4 25 461152
30 33 361102
37 6 237912
34 27 313485
84 9 122827
9 15 72187
68 12 296579
12 23 59011
93 47 309478
8 21 153500
45 1 341472
57 6 176093
85 18 9483
93 23 301940
52 36 45512
71 5 337213
68 27 316157
28 34 16557
27 3 49945
82 11 12613
69 30 388861
89 12 190568
14 23 44141
51 44 299153
86 7 168096
1 2 151373
79 12 71673
62 21 103828
96 23 22622
98 6 344943
54 41 353398
14 19 458275
80 1 359286
36 47 261246
9 45 365766
86 28 411656
71 25 151398
17 22 458551
9 45 423537
26 30 154464
66 36 466611
39 42 111755
53 49 51699
71 2 299013
25 35 485517
21 12 130884
16 13 425101
69 48 119955
36 5 315361
79 10 132163
82 13 193926
34 39 482139
97 7 281328
20 36 377953
97 42 144756
99 6 105804
81 33 343449
48 28 128661
41 28 138495
60 48 324457
66 2 445301
63 30 114262
100 31 404310
66 18 186049
72 24 300971
73 40 306294
38 48 452122
59 46 30993
19 50 59579
95 13 215544
99 29 445022
9 30 344743
97 43 260883
38 1 207658
59 33 235999
54 20 272483
50 47 150460
82 1 149356
32 25 17751
98 25 486950
49 39 318286
6 20 5944
35 17 228385
95 5 226642
46 43 206613
8 14 361475
10 6 280349
7 25 241832
