300
1.34 1.44 1.22 1.32 1.0
7 215 240
9 23 48
6 54 80
8 68 101
2 216 238
7 22 47
4 115 132
5 126 147
10 68 94
10 27 60
6 11 40
4 108 124
3 162 189
6 209 230
10 191 217
2 78 100
7 153 181
6 153 179
5 214 241
2 151 165
10 166 191
1 38 53
5 156 172
4 47 65
7 163 180
7 62 85
10 180 211
1 167 183
9 146 173
5 147 168
6 1 23
1 135 151
5 277 294
9 107 132
2 197 216
1 226 247
7 155 177
4 133 151
6 208 234
9 133 167
6 261 277
8 39 59
10 280 311
2 53 65
6 116 132
2 80 99
8 278 306
3 39 66
7 171 203
3 96 110
6 114 142
1 102 122
10 164 199
5 256 286
10 38 66
2 104 124
1 279 301
1 52 67
5 23 47
4 50 79
6 75 104
5 116 137
6 101 119
4 91 116
5 138 153
5 43 58
3 147 171
10 157 189
2 57 81
3 148 167
4 68 87
2 253 265
7 198 229
5 203 221
2 96 123
7 266 285
3 156 169
5 6 30
3 262 280
10 248 268
8 182 203
3 173 188
10 50 70
5 229 246
5 62 90
9 6 39
3 162 178
7 72 90
1 238 260
9 90 123
7 58 79
9 280 310
10 100 122
9 147 172
1 250 276
1 6 20
2 116 140
4 94 113
10 18 49
10 6 35
8 123 150
6 266 285
4 0 27
1 127 151
5 202 222
5 251 271
10 194 222
2 193 217
4 225 239
5 34 56
9 69 91
6 77 100
2 50 73
9 187 208
7 167 184
7 82 101
8 211 241
1 28 40
1 23 44
2 74 87
4 35 56
2 147 174
1 32 48
4 215 230
7 243 275
10 184 207
4 173 200
10 233 260
1 95 118
2 37 57
10 233 254
5 222 242
4 236 261
8 268 299
4 252 269
4 64 78
5 170 199
3 130 158
3 114 127
4 8 26
7 147 179
1 184 198
2 115 133
1 24 35
5 74 99
9 83 115
3 258 278
1 26 49
9 204 223
6 191 219
10 137 163
5 172 201
1 269 281
8 72 93
10 158 185
3 40 56
1 130 144
10 214 243
1 114 130
4 40 57
3 10 30
9 62 85
1 230 255
8 126 148
10 136 167
3 98 114
7 149 174
8 124 143
7 171 193
5 264 292
4 46 62
5 210 232
10 243 274
6 48 72
7 172 202
3 94 112
7 124 143
7 234 261
3 236 259
3 3 26
3 32 51
4 204 232
6 228 245
1 50 76
4 243 261
6 186 202
10 116 149
4 240 260
9 245 277
3 239 259
4 264 279
7 50 72
5 0 21
8 267 293
7 126 155
3 49 72
9 210 233
1 141 158
5 144 163
5 3 25
7 270 291
6 75 106
5 192 222
2 272 285
2 9 35
10 67 94
8 272 300
8 113 145
7 256 278
8 12 36
4 8 30
4 52 81
9 163 194
7 120 144
2 277 302
2 14 32
7 256 277
7 95 113
2 34 58
10 162 195
2 263 290
7 50 72
2 128 152
8 236 258
1 173 184
4 159 180
7 170 195
5 248 266
8 225 251
8 89 112
4 178 196
7 248 273
10 63 90
1 222 241
3 148 167
10 242 274
5 271 296
10 55 90
10 225 255
2 206 226
9 158 192
3 120 146
2 252 277
3 53 77
4 80 104
3 153 173
3 33 50
2 170 191
2 188 215
2 273 299
5 261 277
9 230 259
10 266 295
10 274 305
3 227 241
9 200 219
3 76 102
9 122 141
3 35 57
1 49 60
10 133 165
8 73 91
8 278 310
6 135 160
4 208 231
9 117 138
10 126 152
9 269 294
1 175 187
3 46 69
5 89 112
5 7 26
9 151 175
10 33 58
8 220 243
9 48 78
9 175 198
1 228 254
6 215 246
9 75 96
5 263 292
5 171 196
3 73 93
7 19 42
5 123 149
4 169 188
9 157 188
6 7 31
5 114 143
5 81 101
2 25 46
6 12 42
10 119 139
7 207 228
10 42 72
8 100 124
6 226 244
7 80 111
2 211 231
8 205 237
