500
1.03 1.95 2.93 1.00 1.83
45 83 234
81 89 171
44 54 137
30 33 250
100 72 179
58 46 176
47 29 197
41 39 111
9 96 119
5 70 182
41 23 162
52 14 86
72 12 211
7 100 210
19 36 55
19 1 150
92 54 155
46 23 240
100 71 243
69 32 114
56 75 169
47 76 172
13 37 91
31 69 154
54 21 227
11 8 185
33 60 219
4 63 214
40 31 239
41 84 160
42 44 238
30 61 222
6 70 185
68 21 96
24 97 166
48 18 209
89 40 160
34 66 111
91 64 171
14 99 147
19 2 28
55 44 179
53 38 102
50 71 245
69 13 198
97 92 200
65 21 152
98 39 146
50 55 131
32 88 179
34 72 127
29 5 238
16 3 230
45 96 206
84 17 220
57 98 174
6 3 234
58 53 198
35 66 141
77 75 161
82 2 88
94 94 227
8 21 201
44 82 223
15 72 239
76 50 208
50 79 247
95 29 249
67 74 214
82 15 168
86 70 223
64 85 229
75 8 102
36 92 148
55 72 166
62 10 158
21 85 243
8 27 204
19 65 85
52 65 173
65 6 186
41 57 218
77 30 137
27 34 211
14 18 205
18 64 105
35 26 155
16 50 109
38 25 170
10 47 224
92 56 207
84 91 232
97 32 132
13 14 227
42 95 174
90 42 227
63 15 99
86 11 167
66 8 79
52 75 160
21 89 180
92 8 191
73 27 195
69 28 170
14 9 194
78 8 89
71 24 109
94 72 222
33 25 93
45 34 115
90 6 222
65 21 148
51 31 137
24 2 125
6 61 130
16 97 154
40 91 186
20 24 94
18 42 128
42 62 214
70 92 183
34 70 132
59 76 146
70 87 157
32 83 141
53 62 210
3 9 135
39 17 220
43 63 136
92 50 206
69 17 239
47 84 192
43 72 184
28 58 153
26 35 180
24 76 222
90 94 210
41 48 246
77 46 236
84 54 143
30 52 224
70 48 221
53 16 223
60 32 120
21 37 84
27 73 185
95 49 175
14 65 226
76 63 216
8 80 89
94 4 140
64 92 199
16 100 142
48 92 165
96 66 206
14 6 94
65 24 89
27 23 129
32 68 183
5 51 94
58 68 230
8 81 240
26 86 229
1 71 151
71 97 198
21 94 246
50 7 173
85 13 128
70 22 217
60 25 231
24 71 196
84 33 145
69 0 198
20 14 69
74 86 225
13 25 111
73 90 189
23 29 54
37 68 171
11 9 171
94 21 165
34 4 158
90 48 183
62 72 169
14 24 123
82 2 132
91 32 133
63 12 195
79 60 189
42 79 224
5 92 119
6 80 89
53 89 216
62 73 165
63 67 243
23 93 148
12 81 211
51 91 221
90 12 148
55 79 249
89 95 247
16 45 108
83 32 215
16 20 168
28 18 85
10 3 143
56 84 191
95 46 167
67 36 212
7 13 181
97 19 184
26 99 162
93 97 241
17 60 241
94 80 181
17 62 101
35 54 170
41 98 174
6 86 119
76 16 228
47 40 168
66 63 231
5 14 140
65 91 188
7 25 124
1 53 249
15 56 240
88 5 119
91 18 145
100 91 198
20 93 217
88 25 248
82 7 202
9 40 53
63 33 174
57 22 236
76 19 103
20 84 215
86 19 181
87 7 159
88 65 194
100 39 186
63 77 176
73 91 248
43 67 216
51 87 197
32 97 215
32 2 78
79 61 241
87 18 122
13 78 228
13 33 144
37 75 227
78 75 189
59 49 131
78 57 199
45 17 207
80 61 193
54 93 189
15 5 69
23 8 232
76 73 204
64 80 192
62 91 242
68 35 157
20 2 145
61 8 180
63 36 227
64 18 143
79 19 129
18 48 115
43 12 178
71 55 174
38 62 138
9 50 159
48 78 157
6 12 119
24 68 130
23 97 153
28 8 41
14 77 129
52 88 234
21 19 135
2 62 148
80 100 234
69 11 250
81 22 241
54 19 85
9 64 221
96 0 149
11 73 141
39 19 137
56 37 206
5 44 87
63 54 155
20 79 193
22 91 214
70 17 218
75 49 184
76 45 243
27 42 138
92 26 235
91 78 194
56 1 122
62 3 240
16 84 199
95 10 200
87 3 196
38 74 158
56 84 230
2 56 130
99 12 171
8 93 236
69 78 178
42 84 182
40 38 141
26 71 168
70 25 233
57 85 239
9 7 166
5 61 244
15 54 70
71 58 222
65 30 111
53 48 114
93 66 186
64 48 210
62 33 201
43 74 181
100 28 163
33 82 118
12 8 69
5 94 167
75 0 112
62 43 245
60 27 185
95 96 244
15 13 149
97 13 235
53 9 213
43 3 98
90 27 179
72 3 160
53 44 230
36 44 135
83 85 247
82 23 122
77 63 155
20 25 151
48 52 117
86 83 173
59 11 231
83 97 191
29 98 127
49 87 145
38 80 196
24 27 120
18 87 185
97 33 165
49 12 111
57 72 198
68 52 207
12 83 232
65 37 149
66 79 237
48 96 198
94 15 176
62 50 148
65 21 167
82 63 210
34 81 203
37 81 135
12 2 160
16 95 205
96 75 175
91 88 194
6 91 134
11 76 184
99 14 221
73 24 247
85 3 208
79 7 180
79 16 242
62 80 215
21 97 230
41 100 163
91 36 212
67 28 217
33 9 137
89 6 205
54 8 194
19 60 188
13 18 223
37 14 183
48 14 245
81 36 178
87 41 154
24 60 181
3 50 112
28 19 47
23 95 127
10 84 220
84 49 198
1 57 203
21 1 217
7 16 201
85 76 247
4 80 102
21 10 151
3 90 118
56 49 121
35 99 207
14 76 111
68 2 249
61 7 170
93 43 169
66 51 173
88 88 234
42 62 114
8 89 229
45 82 135
72 95 248
48 16 70
97 36 153
21 49 213
99 27 222
23 51 115
99 41 246
10 93 234
19 29 239
63 5 154
6 28 183
68 6 203
45 98 214
7 55 196
32 93 157
47 51 174
37 95 244
33 51 154
3 34 220
22 18 238
89 100 209
28 66 102
66 25 220
19 75 97
42 25 111
78 77 179
58 26 98
43 29 107
35 11 153
30 85 250
30 38 89
18 65 236
39 42 104
6 75 238
64 100 247
27 45 178
72 35 115
30 79 139
26 0 167
88 85 182
26 26 195
19 58 150
84 15 205
64 46 205
10 86 133
34 76 229
75 69 234
84 32 223
75 31 238
90 47 213
23 85 195
66 74 195
10 15 215
43 50 211
20 2 171
59 31 182
29 50 220
76 87 246
41 35 247
55 94 172
11 43 111
27 82 130
72 13 221
25 75 143
32 45 188
34 11 104
43 78 236
86 82 239
6 31 50
13 36 98
1 22 234
36 77 116
91 53 243
85 83 205
21 89 194
56 90 148
88 23 236
23 84 190
37 10 97