300
1.6 1.0 1.7 1.8 1.0
5 410 1183
65 216 283
96 129 228
102 234 336
56 369 426
63 2 65
40 73 116
102 403 1057
43 371 415
106 435 548
49 2 57
1 484 494
35 395 439
90 429 529
103 479 837
74 200 290
115 424 548
104 223 329
36 354 405
106 10 125
69 156 229
73 84 903
9 69 93
88 120 224
121 271 404
52 53 123
54 204 270
103 136 253
54 245 1169
89 231 327
50 210 285
88 143 247
83 23 124
8 15 38
78 190 279
37 53 917
45 198 251
73 457 541
65 98 173
101 25 132
120 347 507
71 274 351
106 390 791
57 105 192
3 414 441
119 255 398
103 312 459
64 314 396
96 438 575
77 136 810
60 77 187
139 251 414
106 52 197
106 333 450
130 57 237
6 407 467
112 364 667
111 135 299
121 386 544
82 347 459
97 271 404
146 178 377
83 284 417
93 137 1156
114 188 302
87 71 177
2 165 223
128 248 390
123 406 535
149 404 595
88 50 804
115 87 213
145 78 273
77 397 493
141 24 211
93 41 144
83 293 408
3 417 951
124 154 353
151 372 545
136 130 317
109 369 551
136 366 503
84 203 363
142 48 652
165 408 604
140 31 210
108 266 399
10 87 122
188 228 496
150 187 359
187 403 1307
119 63 241
185 298 489
131 218 374
102 126 315
153 277 497
177 22 256
110 345 1284
6 142 180
172 289 531
120 318 501
115 39 251
166 84 298
133 195 370
157 284 974
158 100 341
142 356 508
169 76 315
165 1 211
8 306 326
131 372 578
131 137 682
160 170 424
121 40 206
215 210 523
186 138 390
129 176 419
165 124 294
136 199 1124
124 381 539
1 295 316
155 222 396
178 373 561
205 95 407
201 184 394
215 176 732
161 224 446
201 213 516
189 126 318
169 178 408
221 251 494
8 19 82
228 12 347
203 318 527
214 173 388
176 161 365
155 333 553
201 195 439
182 285 487
184 65 880
145 280 547
193 320 552
9 161 314
187 176 416
198 69 298
184 307 603
177 86 698
202 49 251
157 87 334
175 125 371
199 232 463
156 235 523
184 199 441
6 301 764
164 96 367
230 89 469
186 134 339
197 26 242
221 304 597
167 81 362
224 104 692
208 24 297
241 179 551
192 58 388
5 303 395
178 211 400
262 178 494
210 177 1040
204 268 555
212 66 433
221 319 686
215 99 479
179 60 290
209 279 535
260 151 1015
6 180 215
191 178 461
257 269 705
205 290 603
229 70 384
203 244 496
213 120 659
184 170 405
202 235 611
204 202 580
243 61 330
3 65 244
211 48 297
285 2 1271
275 47 424
198 243 504
233 110 348
251 90 358
255 76 377
233 207 471
201 62 1162
234 258 570
4 83 87
273 279 639
239 230 513
263 55 488
209 114 486
261 219 842
224 60 475
303 124 614
303 29 511
262 188 592
259 214 605
3 54 151
254 232 1324
278 169 538
312 260 757
222 5 369
309 84 479
280 16 470
257 20 395
317 87 856
257 185 569
226 176 527
9 17 93
299 47 364
322 231 705
227 184 477
303 146 1163
319 67 507
235 108 499
274 75 500
271 248 663
230 86 365
319 179 720
6 201 771
290 46 379
256 219 525
293 88 497
333 263 645
314 127 567
240 112 486
308 254 1032
313 61 403
241 209 627
300 122 647
10 58 203
288 229 751
300 160 614
282 201 1278
252 94 461
248 31 316
285 30 477
283 51 454
326 176 533
347 215 683
336 33 992
3 27 48
271 85 374
340 101 680
279 33 317
333 74 451
340 162 717
308 1 1294
320 75 615
299 172 495
347 141 606
310 152 676
4 121 189
304 106 525
314 91 535
361 231 803
304 81 465
271 47 571
293 57 420
322 89 535
369 38 612
309 145 1433
371 105 662
8 12 225
313 90 436
342 10 559
349 173 625
282 168 636
327 17 1031
345 168 538
373 5 566
322 199 611
309 50 576
347 209 685
8 102 377
343 94 1093
344 32 613
335 179 548
379 64 571
361 83 727
353 84 503
322 44 482
393 74 652
388 156 812
384 68 486
4 186 244
328 83 532
300 190 542
