350
1.30 1.70 1.10 1.90 1.00
17 27 51
56 60 158
12 3 17
30 32 86
66 25 150
93 59 177
81 160 322
73 78 220
64 108 208
85 58 176
15 23 46
94 65 195
84 17 167
59 46 119
14 9 31
19 17 52
8 14 28
91 84 258
40 60 126
2 1 3
8 16 32
99 104 244
59 74 189
34 67 132
25 40 89
35 35 108
9 11 24
90 68 219
31 9 55
4 8 13
67 116 243
17 26 59
16 24 56
52 39 117
42 18 70
76 57 192
79 16 167
13 25 49
46 69 142
52 64 162
62 99 202
9 9 27
33 61 117
46 13 99
31 10 53
14 17 45
76 80 208
28 6 61
19 33 71
68 29 139
75 119 255
5 4 10
6 11 22
57 4 83
78 1 115
61 93 189
17 33 59
91 76 218
25 25 60
58 115 199
36 72 132
19 12 49
72 37 140
10 2 14
33 41 86
48 54 136
52 43 130
91 121 248
88 72 230
41 24 92
11 1 18
25 21 56
69 118 257
67 102 219
11 3 19
48 50 116
52 25 111
36 41 112
94 155 335
37 16 81
67 65 164
53 17 103
37 48 98
61 41 151
9 7 23
13 26 51
46 44 111
45 52 120
50 59 151
87 143 282
95 122 281
8 11 21
27 54 106
26 25 72
17 25 54
13 14 38
44 56 116
21 14 53
47 72 143
69 79 168
42 81 161
52 20 115
94 117 276
84 126 269
74 76 206
17 27 51
21 10 44
31 22 83
2 4 8
45 86 170
18 25 58
63 111 235
93 16 164
34 33 76
100 86 286
5 4 10
75 72 217
59 39 151
49 52 127
91 131 301
74 131 248
9 11 28
63 116 220
50 95 189
37 29 98
21 42 80
33 24 87
87 14 158
36 12 75
17 17 46
78 124 223
26 46 86
86 103 233
25 3 50
72 101 188
68 76 171
99 5 159
3 6 9
15 26 50
50 84 167
1 1 2
46 29 109
96 60 209
60 86 169
65 56 149
18 9 34
98 11 169
58 3 113
45 22 94
79 62 164
83 68 232
90 29 147
89 105 270
37 21 71
3 1 5
42 69 132
40 67 125
28 44 97
3 1 6
50 78 174
80 37 180
38 3 53
98 7 205
30 58 105
32 17 69
62 72 170
8 5 15
22 30 59
64 8 119
13 1 24
30 30 72
7 4 12
53 78 157
75 33 135
97 115 274
25 1 43
33 61 120
12 8 24
42 55 124
23 11 50
82 45 214
54 28 108
98 101 296
31 39 83
85 102 253
65 116 205
17 32 63
22 29 57
54 91 164
53 63 146
22 3 38
51 69 137
34 8 66
19 24 56
22 7 45
53 70 172
6 4 16
19 7 34
50 59 145
89 103 268
16 1 29
49 52 131
65 14 128
46 67 155
55 37 144
39 57 129
53 65 176
65 129 227
62 59 143
49 19 118
62 37 151
95 11 208
24 16 56
24 28 72
34 43 110
33 26 73
67 42 141
42 40 106
11 1 18
37 74 134
36 25 94
23 28 67
28 21 73
29 22 81
53 82 169
53 41 124
73 62 207
43 66 132
93 65 235
93 95 219
99 178 329
90 107 248
4 3 9
64 4 123
55 45 114
12 18 38
87 37 162
48 11 89
5 6 14
96 142 269
17 7 41
69 109 227
12 21 44
16 1 22
57 29 140
63 107 191
22 14 43
80 24 172
86 26 202
16 7 33
40 18 85
5 6 16
87 137 254
18 26 50
27 1 49
21 31 66
64 111 203
88 34 193
84 34 194
65 65 177
78 74 211
48 14 83
56 4 94
80 34 191
9 18 34
11 6 26
52 100 194
20 1 35
58 35 144
31 50 89
42 39 115
1 2 3
7 4 12
24 1 49
93 50 223
89 72 249
45 87 158
29 55 95
4 0 7
94 54 242
78 75 227
100 78 263
52 75 168
44 2 80
46 80 164
5 6 15
74 109 229
86 138 298
30 50 113
48 21 114
1 1 2
60 3 79
7 12 20
64 96 184
42 75 127
100 78 255
24 44 76
21 15 45
93 68 237
64 97 203
79 28 141
42 8 77
70 45 175
59 31 146
7 11 24
55 60 141
78 90 210
30 57 95
41 41 99
43 55 132
24 8 44
55 22 131
95 3 163
45 23 92
46 68 139
98 88 265
11 22 39
82 54 162
27 11 49
3 6 11
17 9 37
11 9 30
75 75 190
77 33 170
86 43 150
77 93 191
74 79 219
73 103 235
22 30 72
41 35 119
70 64 182
67 133 243
34 26 69
3 3 8
18 11 43
84 22 140
61 115 208
27 39 81
59 92 181
80 23 157
44 7 77
20 6 33
44 10 98
86 45 149
47 76 155
24 16 48
79 129 285
31 8 51
40 44 117
63 77 162
