350
1 1.98 1.24 1.28 1.25 
91 10 479680
20 21 270443
65 42 90370
47 28 225156
8 5 4874
91 40 293532
2 15 156725
35 21 29806
18 39 264569
46 25 185881
36 3 418064
59 7 342305
21 9 298411
68 7 280967
59 15 96825
82 31 50310
71 47 413838
27 46 190089
48 20 310073
75 23 404726
17 31 259512
24 4 61321
75 15 88625
83 36 293064
51 17 276748
83 49 434813
85 35 50055
41 48 194150
100 10 221697
83 4 240702
54 7 436640
33 32 381421
78 22 96288
78 30 411136
41 13 494903
66 40 316112
4 3 137980
61 30 178565
27 30 274499
87 13 255515
30 43 392921
94 11 64612
85 41 373763
23 23 48488
7 30 61431
92 28 397664
62 11 451057
11 9 132781
15 5 68272
81 14 325044
49 11 228862
44 48 10806
23 6 51408
45 13 127681
51 6 476897
36 9 415398
45 8 190164
13 20 194460
81 8 343015
10 30 335124
13 32 213541
77 3 46484
53 9 250509
58 47 446342
59 39 172599
73 41 113935
51 43 472948
13 35 314248
19 23 345138
5 49 467061
10 46 261984
5 18 450756
12 40 332437
11 3 457086
5 22 26816
99 1 337671
33 8 300636
75 11 488506
77 2 294184
20 46 9884
76 10 440443
44 34 223215
25 42 442883
66 36 146620
88 42 203900
88 10 351232
49 4 240790
28 42 169195
24 15 439686
17 33 38831
53 46 393719
27 11 259074
23 42 426739
25 23 240597
88 17 94308
73 3 8929
30 34 231115
63 13 345726
9 29 489079
7 7 455997
96 10 418684
39 29 95394
16 45 88314
6 19 68336
85 10 244426
6 18 101559
92 17 179549
53 5 155687
85 20 292234
24 15 313743
79 3 460541
36 12 340001
9 48 382204
54 20 266926
47 20 85730
72 26 36122
40 39 345499
4 48 367539
65 38 236656
37 21 450615
65 2 77625
31 34 19472
50 46 431754
33 39 370160
69 11 475205
79 49 373372
97 13 17335
29 19 324749
79 8 380986
45 39 231423
38 47 363308
98 37 85292
26 41 192440
76 47 81126
99 21 214347
40 15 303850
18 16 186205
5 35 60142
29 10 332554
66 9 109941
31 5 132567
19 2 178775
9 47 412795
53 29 8348
37 31 150746
81 17 93932
22 47 194472
44 7 43564
13 50 12035
66 39 409902
55 33 190368
8 42 366905
94 27 375615
27 32 101200
31 47 236041
39 34 293825
23 50 130990
63 35 40422
68 5 463476
77 37 120597
36 39 189303
74 42 141537
76 43 353892
7 22 137866
60 43 105665
52 31 448408
55 36 493260
26 11 466739
97 47 179344
22 29 127360
21 7 265945
52 7 126222
86 45 458531
93 15 17839
14 33 409704
9 32 206769
56 4 161456
20 25 438231
59 2 248539
17 29 173122
16 35 134586
15 46 82842
91 14 130891
2 10 70115
92 15 371449
59 22 110406
46 28 410083
24 47 491064
39 31 438800
14 44 50974
45 16 254859
54 2 335724
9 42 442543
72 13 116785
76 27 80407
6 11 471062
98 8 323870
96 15 253601
11 28 198348
57 37 20151
55 10 302363
58 5 159556
29 21 319292
36 21 456686
51 6 224834
8 34 497415
55 49 125876
66 46 342818
17 4 94820
69 19 135911
95 8 45391
13 4 286531
73 50 345071
60 20 126563
98 33 26009
81 41 30131
56 21 497546
78 2 271451
45 6 446607
15 28 489220
67 32 311062
71 8 385564
73 27 169996
25 9 248142
56 27 450387
82 27 54973
52 8 155703
75 15 270332
83 1 86541
4 37 130784
71 36 182363
96 44 238575
69 9 273971
59 28 497404
88 25 124999
25 10 89005
80 14 191212
2 36 208377
91 48 215881
72 16 150940
32 16 491061
49 26 459064
3 18 345993
31 23 263151
28 41 30614
76 16 447291
81 37 38153
54 19 240112
60 48 286686
31 43 424853
11 3 96550
4 49 347180
6 8 244253
30 6 317779
2 13 207380
54 5 273119
56 6 309836
44 44 365914
45 24 95748
43 33 50606
10 30 313790
38 14 318990
16 7 427250
25 34 305706
49 36 477787
5 30 269104
85 39 320013
98 31 183128
57 18 24395
89 17 379401
7 32 368293
42 17 414804
21 31 234048
28 3 271237
34 5 450466
45 32 79018
96 8 26165
56 31 19925
66 49 440630
91 25 388705
20 27 285331
78 7 272023
43 3 419563
84 44 209079
59 37 7872
51 45 279935
23 9 350319
92 38 336854
68 9 83315
45 18 390996
84 16 222241
6 18 467371
78 31 17921
90 26 206605
77 16 276933
20 37 15919
27 6 376230
92 32 59277
19 27 443082
88 1 165723
31 22 403575
83 5 89568
96 7 141788
30 40 201707
66 15 72026
67 34 126004
99 36 461423
5 17 41319
77 6 252820
58 1 56761
67 12 478780
81 21 289614
18 4 338063
99 40 369894
86 29 156216
46 49 110485
36 50 84632
63 20 273920
16 15 453110
80 47 418379
90 1 107010
48 21 498115
10 38 21689
5 39 108778
40 40 42532
83 11 286784
7 42 340798
33 12 268835
78 29 430485
38 27 370342
21 34 379291
50 11 45934
78 45 494066
41 12 112928
79 39 229800
67 39 103287
13 13 17401
21 5 421359
50 15 357000
2 4 54930
83 45 189916
22 31 4957
27 1 259225
35 36 276761
68 7 439974
12 39 380168
81 11 112072
32 35 215831
81 20 392410
23 17 135371
