250
1.63 1.0 1.33 1.21 1.67
1 213 237
1 131 148
2 159 181
3 20 36
4 47 69
3 156 178
7 115 132
6 204 230
6 109 138
1 37 58
2 136 155
5 24 54
6 180 199
7 213 243
5 195 222
8 40 66
3 227 249
10 160 180
2 3 19
10 5 37
9 65 97
1 66 78
7 60 83
10 73 100
8 50 69
5 194 219
8 90 121
2 115 134
2 201 213
1 40 56
5 123 147
9 36 59
4 168 189
9 219 253
1 55 66
6 17 39
1 14 39
8 9 27
2 109 126
4 86 113
10 35 66
5 124 141
8 162 189
7 81 103
1 41 62
4 139 160
4 95 109
5 32 56
7 24 50
4 101 125
7 109 137
2 221 239
7 200 231
4 207 230
9 57 91
4 195 223
4 207 234
3 208 221
8 81 109
6 28 58
1 50 63
3 48 71
3 79 103
8 188 206
3 101 119
4 206 230
8 174 205
4 87 105
1 83 94
9 115 134
10 139 170
6 43 61
7 59 76
3 117 139
3 74 91
6 90 115
8 161 188
9 171 194
9 222 254
1 52 64
3 118 139
6 83 110
3 95 115
7 77 96
1 61 82
4 96 110
8 59 89
1 73 93
8 8 29
6 95 124
1 140 152
8 168 190
8 208 228
1 177 202
1 54 65
10 194 226
3 193 206
7 72 103
8 47 74
1 212 238
7 59 90
2 194 219
7 7 31
8 24 51
1 98 113
2 205 231
10 100 129
8 90 108
3 8 31
10 199 221
10 217 246
6 69 96
1 151 172
10 108 141
5 170 194
8 135 167
8 107 137
9 8 39
5 99 118
1 39 63
1 200 226
8 174 193
4 119 144
10 47 79
5 43 72
8 44 63
5 109 129
1 8 26
1 60 71
5 73 97
3 98 126
6 39 63
8 158 177
10 90 113
6 5 32
1 38 57
3 135 158
5 16 42
8 181 202
3 31 50
2 1 21
1 171 189
1 83 102
3 193 216
8 185 205
3 68 94
8 179 211
7 72 98
7 51 68
4 59 81
8 147 168
4 99 128
5 14 40
6 150 178
10 183 216
4 63 81
10 193 216
4 222 238
1 108 130
6 149 174
6 64 80
5 110 127
5 93 113
4 163 183
9 95 125
5 167 186
6 192 209
1 200 220
3 193 221
3 94 108
8 111 142
9 226 249
4 70 86
1 98 124
8 141 159
3 0 23
9 132 153
2 88 106
2 165 185
4 177 197
5 181 196
6 75 95
3 83 98
10 34 59
10 112 147
2 173 188
2 96 109
5 225 247
9 163 196
2 129 141
3 53 69
6 230 253
6 126 142
2 194 207
1 46 71
2 142 156
2 219 242
4 68 83
7 163 187
3 92 120
5 39 59
1 218 242
8 190 217
3 69 87
9 119 152
9 24 54
7 176 206
3 195 214
9 177 204
6 70 92
9 166 191
9 191 217
1 182 207
10 210 244
1 32 54
10 63 93
1 78 101
4 170 197
1 23 34
7 61 78
10 57 90
1 178 194
7 214 246
3 153 181
2 218 242
3 230 251
7 114 141
5 199 227
4 111 130
4 120 135
3 141 154
9 204 230
10 63 91
3 82 96
4 110 131
4 220 245
6 48 64
4 0 14
9 96 125
5 95 112
8 191 224
1 139 163
4 74 93
6 39 58
6 191 211
1 228 244
3 220 246
10 147 174
6 99 127
1 66 82
