500
1.0 1.5591812049749105 1.3508269783957934 1.519606346543049 1.7806771048772596
201 2742 3052
226 2994 3250
200 3394 3615
260 1965 2291
188 2264 2492
199 4428 4672
198 4397 4693
169 1061 1283
243 2399 2704
200 4971 5193
214 5778 6076
175 3265 3506
180 5836 6064
188 1015 1334
223 5984 6262
232 640 942
256 2355 2674
202 1003 1248
199 1295 1509
226 220 453
225 1633 1859
193 6446 6693
232 199 440
170 3429 3695
185 2149 2390
205 2575 2821
224 4388 4665
213 2788 3077
147 1537 1730
171 3600 3821
174 2542 2798
143 5772 5963
214 7223 7445
152 148 338
254 765 1039
169 4561 4781
203 902 1125
170 2311 2492
183 1382 1570
239 1075 1429
214 1990 2269
215 7656 7928
196 4155 4414
160 5827 6115
225 583 819
224 5451 5727
159 6273 6482
217 3969 4215
214 3284 3512
222 1679 1966
157 3555 3727
213 731 1019
265 1683 2057
180 2494 2686
195 6443 6742
206 457 733
215 4188 4446
233 3830 4192
199 2659 2968
192 594 824
222 896 1201
200 3754 4161
221 1392 1715
180 1249 1457
204 124 353
191 348 630
172 3419 3743
225 95 368
169 3337 3619
181 1297 1516
178 219 453
207 3449 3774
211 2591 2869
218 1353 1586
174 5490 5791
229 2538 2841
208 2354 2589
182 169 363
197 3795 4092
219 2099 2389
168 6854 7041
215 8274 8581
184 5569 5846
192 4444 4693
185 2090 2349
248 3544 3907
176 3808 4061
223 2016 2338
189 4017 4294
193 572 768
215 511 859
181 3051 3289
209 2521 2894
201 4036 4323
218 3362 3600
200 726 928
214 4861 5147
151 3924 4171
186 824 1037
202 4414 4696
201 3129 3397
178 1353 1578
193 2085 2413
187 2411 2644
197 1145 1353
221 3210 3483
207 2128 2352
202 1558 1830
202 678 909
234 4167 4433
200 243 507
176 1638 1888
193 4554 4846
211 208 420
173 3072 3303
193 3196 3445
196 5095 5391
176 3828 4195
213 856 1119
186 2639 2877
146 1478 1643
217 85 333
184 4779 5032
235 3510 3931
186 851 1040
232 4867 5184
199 2643 2936
178 3267 3449
200 1029 1266
221 204 475
229 3381 3622
216 5240 5583
279 6417 6735
220 999 1241
251 1724 2023
201 7831 8150
215 3795 4028
261 204 491
168 10948 11202
196 5553 5836
212 1053 1284
191 3868 4107
207 164 488
188 1044 1307
209 1347 1578
198 4439 4672
159 3393 3702
252 3148 3478
195 318 609
193 1954 2247
190 4697 5018
193 5514 5736
155 512 714
169 3538 3775
199 3431 3686
193 1172 1466
195 507 769
170 924 1113
197 2432 2670
234 1481 1783
171 4722 4937
226 3612 3899
204 1224 1451
210 2113 2339
192 1144 1353
225 3956 4299
224 4800 5125
169 3570 3814
172 3535 3816
224 1650 1919
204 1108 1434
209 539 774
202 449 688
190 255 508
193 589 842
232 2712 2964
169 1932 2187
197 1510 1778
188 1310 1615
148 3300 3480
233 2660 2940
194 1370 1614
152 464 691
222 575 835
207 3155 3433
210 2738 3043
243 4867 5122
200 355 633
175 7583 7783
164 2119 2294
190 1504 1788
198 5672 5904
205 1 285
162 970 1232
197 1241 1461
197 4749 4990
181 3597 3816
197 4338 4542
194 469 709
197 5790 6045
250 3158 3447
229 7855 8118
189 7130 7368
171 364 623
212 5260 5580
215 4001 4267
206 3417 3629
189 5542 5819
197 1853 2075
228 1909 2178
219 422 708
226 2465 2757
207 746 1027
222 3209 3542
183 2302 2509
198 189 454
242 749 1076
174 430 623
166 3289 3500
202 785 1000
181 327 571
220 63 326
211 4188 4400
207 946 1181
187 1674 1915
197 773 1064
208 2168 2435
205 2391 2648
224 2399 2707
201 3133 3352
195 1984 2190
194 620 820
223 4924 5148
192 2669 2946
199 1942 2160
178 2666 2898
199 6209 6521
172 6321 6524
156 3233 3398
179 2241 2429
170 3137 3343
200 1160 1429
220 2985 3257
189 2343 2637
220 364 627
209 7765 8001
199 180 397
188 4617 4840
233 3555 3823
197 4766 5074
219 1151 1481
205 3742 3984
254 5920 6202
199 3030 3385
250 2616 2920
193 3565 3829
192 2669 2928
188 5454 5693
156 6703 6949
212 3342 3556
212 1416 1643
186 6570 6807
215 3568 3804
205 1333 1540
232 2966 3276
200 1761 1999
205 4644 4988
169 168 390
150 1946 2213
189 500 720
209 803 1018
199 3313 3574
204 1615 1885
210 2962 3179
189 118 412
228 2747 3004
176 447 693
175 379 586
191 1318 1551
193 733 945
209 7082 7415
170 4236 4410
180 4871 5061
218 2721 2946
166 2856 3051
183 3918 4125
202 4414 4673
213 6080 6331
213 1083 1469
196 1850 2087
211 6742 7046
193 2501 2735
231 4675 4959
195 4957 5203
233 882 1131
180 3794 3974
192 1740 1953
187 1650 1924
141 2466 2611
214 3109 3397
178 1567 1817
183 4301 4579
168 5284 5540
223 1442 1693
205 3945 4215
182 4502 4786
192 1808 2096
212 23 259
203 957 1294
203 3530 3756
189 5156 5451
207 2419 2785
185 3833 4040
230 2340 2661
169 6108 6428
166 2767 2951
207 6245 6556
192 3158 3387
180 2530 2713
210 2473 2710
167 41 312
211 1826 2088
193 902 1181
250 6063 6343
191 337 618
173 3646 3834
205 1928 2235
196 5641 5926
181 2125 2316
174 3149 3429
214 5055 5341
175 3494 3728
176 940 1237
177 4271 4505
227 304 614
249 1984 2325
223 4007 4272
182 3274 3459
210 2711 2943
189 607 871
200 406 610
225 803 1073
221 1825 2087
214 2581 2835
209 2272 2482
213 1813 2058
185 1753 2002
206 2620 2863
224 5479 5793
242 1150 1435
220 986 1261
179 2919 3225
168 4740 4915
236 3566 3830
189 4257 4447
201 2236 2469
185 1907 2135
221 3618 3947
181 3796 4063
204 2235 2542
191 6333 6613
242 2531 2807
221 2499 2774
200 5859 6134
231 4536 4786
211 2954 3187
170 1582 1802
215 6295 6622
238 1351 1734
231 1207 1524
199 4560 4826
227 1789 2071
233 3282 3529
139 2058 2297
201 625 932
219 5834 6116
182 1812 2050
175 3869 4056
190 2394 2604
145 459 706
232 1982 2280
179 573 777
254 768 1158
126 2691 2848
199 263 524
203 3795 4073
170 380 605
191 3003 3283
181 4156 4386
182 2820 3014
173 5219 5450
269 5099 5415
203 1632 1928
181 1577 1913
227 4882 5138
179 2124 2421
210 1206 1447
206 2958 3183
216 440 778
165 3151 3340
166 4079 4292
199 2656 2973
241 1435 1731
180 2917 3142
213 4074 4331
208 1284 1573
191 3324 3598
202 2435 2648
219 752 1036
178 3217 3454
169 512 799
240 3379 3631
211 1981 2194
207 2983 3256
235 1976 2313
246 177 493
183 3855 4157
215 3946 4199
242 3637 3932
210 5263 5473
149 1166 1330
192 284 559
186 3589 3795
190 663 956
227 3462 3758
210 1587 1834
185 3862 4067
241 4513 4831
167 3294 3560
200 714 991
220 4443 4730
238 9306 9551
231 2117 2452
216 1417 1743
225 774 1083
148 3688 3838
236 2610 2884
198 7176 7393
189 3317 3524
175 3640 3831
197 5524 5837
208 9631 9852
223 464 845
175 5421 5643
223 617 929
189 2120 2349
152 2665 2854
192 344 572
215 5955 6183
195 1085 1326
210 1956 2281
180 2010 2247
232 2815 3090
255 2146 2423
175 3498 3678
180 2032 2231
209 821 1037
203 797 1048
170 4766 4943
196 4934 5184
211 3318 3548
182 1166 1466
189 4240 4516
174 8186 8372
185 786 978
230 2752 2988
199 2474 2775
173 1446 1667
166 6583 6752
184 3310 3587
184 787 1033
259 6039 6419
217 6475 6743
189 5460 5755
231 2645 2939
215 2381 2655
173 725 913
168 1230 1449
194 7372 7675
185 1605 1799
240 2940 3312
233 2474 2791
203 54 387
196 4512 4719
183 1630 1862
205 5043 5276
213 1736 1979
227 4293 4580
157 421 614
203 4576 4841
236 1444 1734
212 3615 3982
243 2586 2872
206 9024 9285
160 1605 1919
204 2345 2550
182 2414 2604
136 3694 3874
160 4028 4292
181 372 579
