250
1.0 1.2 1.5 2.0 1.9
5 13 48
15 10 70
8 8 58
8 7 69
20 16 43
9 0 65
12 7 59
14 12 49
17 26 59
15 0 44
19 21 48
13 22 53
9 27 61
6 14 61
16 13 46
18 12 55
18 5 59
5 8 53
8 30 47
6 1 68
11 12 46
10 12 69
14 13 47
11 13 65
5 25 70
8 26 59
18 9 62
20 4 57
8 1 41
7 16 58
8 15 53
17 24 59
19 13 66
5 1 64
19 28 52
16 8 67
14 2 63
8 0 63
17 10 70
5 5 50
18 21 41
15 19 42
19 20 67
15 24 57
8 5 64
8 28 52
8 2 70
15 15 61
12 0 46
19 19 57
11 23 55
18 13 69
20 16 49
12 9 51
5 0 44
20 12 48
17 30 48
12 30 50
10 4 45
15 15 43
6 8 67
13 11 57
12 20 49
11 19 44
13 13 51
19 6 52
8 17 58
10 20 68
14 11 45
18 15 48
16 25 41
12 7 53
14 26 63
8 1 56
12 18 41
10 20 61
12 20 57
17 11 70
8 24 64
14 12 64
19 15 48
8 7 47
15 18 64
8 16 42
5 30 58
12 15 55
17 8 59
18 7 44
13 10 60
12 13 62
16 14 44
19 19 55
9 7 42
10 5 42
9 16 46
20 8 60
10 25 44
18 28 56
9 10 60
6 24 64
11 12 48
6 25 58
9 19 52
11 1 57
12 4 61
8 20 66
11 27 55
12 13 65
14 10 45
8 3 53
9 0 52
17 11 70
15 26 44
5 13 59
20 17 46
10 17 46
8 13 68
18 23 41
15 6 41
10 6 60
6 17 46
11 28 40
6 10 55
13 14 55
11 19 67
6 14 59
13 1 67
14 24 64
19 27 57
14 10 45
17 27 46
13 10 44
20 7 61
5 6 41
11 5 58
15 24 62
12 8 66
9 16 42
15 20 60
16 0 45
19 13 69
13 23 63
9 19 49
10 2 51
11 20 54
5 13 48
15 5 52
16 4 69
15 1 62
13 15 53
16 28 46
18 27 57
16 14 64
9 1 40
5 3 53
20 1 65
19 19 50
12 30 42
8 21 65
15 0 67
20 20 57
9 9 59
20 30 59
9 19 44
20 5 46
11 6 58
11 25 51
7 23 50
15 20 62
19 17 58
14 21 56
20 8 69
8 28 63
20 4 50
14 6 60
20 7 47
18 26 45
10 4 46
6 7 58
19 16 49
16 13 41
5 28 48
19 16 45
11 21 65
6 23 42
17 5 51
9 3 59
16 4 60
15 6 69
7 27 46
12 11 60
16 10 40
9 5 68
19 20 64
7 26 43
5 23 62
12 1 48
7 17 64
8 22 55
11 6 70
9 16 44
13 29 64
10 13 57
8 10 64
20 21 67
5 24 57
12 12 46
16 22 51
10 8 65
20 23 52
16 1 61
17 17 55
19 4 41
8 16 40
18 16 42
15 27 68
6 29 43
8 27 52
8 7 49
12 17 41
7 18 57
5 20 45
19 13 62
7 30 55
13 23 48
5 1 60
16 19 69
20 9 48
8 12 64
6 20 49
7 26 66
6 16 42
16 14 56
20 22 53
14 19 54
8 10 49
9 2 66
14 21 59
13 30 43
7 17 41
9 10 69
11 7 42
11 23 45
20 27 66
9 30 67
17 3 51
13 13 63
10 8 57
20 20 47
14 26 66
