150
1.4 1.5 1.7 1.3 1.0
4 274 1028
45 149 196
81 26 108
53 50 107
50 23 78
72 103 176
103 461 568
47 28 603
10 69 87
89 218 310
37 362 404
5 12 27
36 277 322
52 374 440
49 232 1107
16 431 447
53 133 203
112 67 181
104 183 292
100 38 145
37 237 294
54 153 836
10 190 200
67 74 142
37 101 154
124 218 350
70 298 384
121 361 502
95 232 832
43 306 374
88 309 419
113 293 431
69 60 162
5 285 290
70 167 239
46 56 242
92 45 158
100 371 507
131 221 360
88 38 137
124 142 302
63 275 372
90 34 475
56 426 491
1 454 495
90 342 443
138 140 299
113 437 598
95 96 217
73 239 625
82 368 455
73 118 193
109 386 509
91 337 438
138 105 257
10 155 165
71 385 1360
150 306 488
92 154 285
158 114 276
82 420 553
145 226 381
112 363 526
118 346 958
137 16 179
126 186 320
5 188 245
149 189 383
138 159 297
105 267 441
96 311 723
91 426 583
134 229 417
111 289 452
143 187 389
109 197 366
141 370 515
10 308 1275
128 272 443
126 267 425
94 157 317
162 166 376
132 383 578
158 118 280
86 275 984
108 162 323
179 147 407
163 151 390
8 318 355
141 227 407
106 362 533
179 348 847
172 242 494
155 14 197
164 110 334
163 362 612
129 73 214
178 137 394
140 374 689
3 362 400
130 374 574
144 306 458
138 98 259
140 67 298
145 265 455
112 14 682
192 186 407
126 165 374
191 197 434
192 255 546
3 384 441
189 265 525
123 306 786
140 109 302
128 349 522
214 383 610
123 122 325
205 81 298
196 227 481
200 284 1381
156 228 501
4 39 156
148 211 419
141 336 580
149 204 405
142 72 303
153 370 731
182 181 373
147 286 502
167 344 616
191 300 553
174 136 340
5 66 123
195 350 1137
180 286 574
157 221 508
162 58 345
176 250 484
219 306 585
146 129 307
190 134 886
222 14 350
209 152 370
6 329 422
183 357 568
150 3 163
173 352 583
210 196 647
220 37 306
222 255 585
