300
1.0 1.8 1.3 1.7 1.0 
40 39 158
20 66 143
93 56 218
13 72 143
73 7 132
100 94 224
61 75 197
55 59 142
21 2 51
36 17 142
45 69 181
85 15 141
70 48 162
32 88 140
65 87 225
55 74 206
95 17 147
71 42 128
67 72 171
46 69 215
28 6 113
48 8 96
35 90 181
22 45 76
98 30 158
65 7 146
22 77 167
51 58 146
10 2 93
85 73 180
12 0 69
27 66 114
40 23 93
6 69 129
28 77 171
8 68 165
68 17 131
68 43 190
49 22 79
52 68 130
59 48 177
5 58 139
71 56 198
70 7 151
18 16 117
65 14 161
36 14 54
68 94 179
25 28 70
37 68 169
62 24 158
19 71 151
52 29 145
95 30 187
31 69 145
88 66 159
36 16 129
84 1 87
1 24 124
77 47 153
22 71 191
46 30 84
66 72 181
16 32 57
3 85 110
1 100 128
51 52 139
38 67 127
19 10 42
64 4 83
80 20 128
22 12 56
62 98 258
25 72 143
83 65 221
84 35 174
2 48 109
39 30 168
82 9 152
38 33 167
78 84 210
72 98 269
68 76 210
24 79 177
36 1 52
65 7 104
23 40 73
54 0 77
65 53 207
54 83 214
88 58 167
17 44 104
93 82 184
52 18 83
14 37 81
84 71 236
50 44 192
92 98 246
6 50 116
60 32 143
42 40 94
67 79 160
81 51 215
11 97 125
47 96 201
90 82 260
66 1 124
77 61 141
47 47 167
22 94 193
62 14 128
19 89 190
88 98 224
41 100 168
31 34 118
3 17 118
38 96 176
65 77 222
15 33 95
44 68 169
34 77 156
58 14 123
27 82 140
64 18 133
86 79 182
86 79 185
52 55 203
41 76 139
34 26 132
71 1 128
96 0 133
68 24 121
94 8 185
25 33 112
8 79 113
6 30 38
77 22 121
94 47 236
47 34 117
65 82 158
5 77 86
71 54 167
26 48 97
40 67 162
88 9 117
46 70 207
65 83 239
41 10 134
59 94 233
91 93 213
9 55 138
76 82 214
2 21 117
48 52 126
38 7 69
65 39 196
83 83 168
55 52 126
15 5 67
70 11 128
45 15 95
12 79 187
38 66 195
81 47 193
80 86 216
18 79 127
70 9 106
74 86 186
60 95 249
2 26 84
18 43 136
5 7 24
70 83 248
78 62 223
73 45 186
31 33 117
19 58 128
51 69 173
42 63 156
28 27 73
16 84 155
73 52 214
84 96 201
12 92 147
72 87 179
42 56 189
11 19 61
12 26 112
74 5 128
6 11 24
54 80 230
14 2 100
54 21 121
85 64 180
65 17 165
97 13 145
43 29 158
81 3 149
9 36 87
59 92 247
96 17 165
28 58 115
23 34 117
35 32 151
73 11 184
22 98 214
7 52 148
2 53 124
55 98 199
53 58 115
78 84 237
90 60 250
64 18 146
65 69 174
73 81 209
73 58 155
28 98 131
52 72 151
95 93 220
47 65 151
61 70 144
39 58 184
5 68 125
68 62 173
8 79 110
65 14 154
77 58 189
39 68 120
24 4 44
16 39 86
44 61 118
22 42 104
29 70 129
14 82 183
43 60 142
29 80 166
60 69 192
74 86 254
94 44 221
33 95 216
22 43 123
73 56 153
68 44 200
91 34 191
19 65 180
40 24 112
19 83 190
60 23 134
45 9 58
39 18 92
84 17 172
40 7 132
95 91 222
45 97 196
55 95 228
59 51 136
27 59 150
74 24 134
75 48 180
10 2 79
49 59 139
42 70 125
70 72 221
15 80 162
42 92 154
16 65 103
83 24 193
47 76 132
35 54 135
46 65 116
90 34 161
7 80 110
18 61 82
72 77 245
4 83 153
53 89 167
89 58 174
91 96 281
20 96 141
72 70 191
32 35 146
4 83 88
53 11 80
14 14 87
36 2 107
6 35 89
83 77 241
73 90 225
31 43 91
74 63 229
36 85 166
89 87 250
11 99 181
9 13 120
74 79 233
10 24 100
92 66 192
44 33 137
78 99 261
28 85 122
