350
1.0 1.3 1.9 1.3 1.2 
44 36 132
32 63 194
37 49 165
63 60 169
75 58 166
59 87 208
87 54 238
75 1 95
42 33 155
55 7 80
98 29 179
42 31 135
67 48 132
58 9 125
93 2 126
26 27 75
44 27 150
45 9 62
96 83 213
40 14 102
76 40 154
41 78 163
93 52 189
44 46 101
87 51 141
55 30 89
13 22 41
67 20 153
57 42 182
29 21 105
93 85 234
81 87 195
2 37 75
31 66 134
95 8 149
97 75 227
84 36 209
36 44 102
22 32 87
33 28 64
60 9 128
40 73 159
81 19 109
4 28 113
52 75 203
31 19 133
86 47 173
34 80 173
26 53 92
37 69 165
44 95 152
27 75 177
92 25 193
33 59 120
30 32 112
53 24 140
44 40 117
83 25 155
44 15 141
91 22 138
70 69 202
99 95 290
81 89 201
85 29 187
47 1 123
56 18 85
59 62 196
82 25 146
72 24 196
29 6 130
75 9 182
72 79 189
68 69 200
58 42 192
37 46 121
22 70 130
32 76 176
19 9 77
33 25 66
46 28 135
30 59 131
36 97 206
30 72 197
62 79 190
12 95 136
54 17 89
63 13 85
59 65 132
83 49 183
21 80 158
65 26 142
5 75 138
29 36 130
81 90 257
41 41 110
5 72 97
32 24 149
81 19 184
96 89 221
47 59 147
88 75 224
30 37 120
97 95 197
91 45 227
93 81 208
56 4 126
68 56 195
85 49 208
11 92 176
30 59 154
72 63 146
14 0 77
11 9 100
43 91 211
47 13 70
65 47 165
21 61 100
29 88 204
24 16 63
14 97 142
20 80 137
91 48 187
65 90 168
28 37 144
99 37 175
71 68 231
68 82 197
69 66 199
16 16 111
62 68 212
62 34 103
4 47 114
52 33 106
20 99 165
56 30 140
85 25 178
83 42 207
1 80 86
15 13 81
35 91 209
68 45 140
40 63 200
24 98 176
48 71 185
88 79 175
76 75 234
20 58 116
94 73 246
61 11 146
73 72 239
70 55 187
68 28 147
13 69 159
17 76 193
6 39 115
68 54 137
68 85 201
42 41 131
41 18 157
65 24 126
34 56 186
9 51 119
5 14 94
61 32 189
8 40 143
75 24 111
36 88 134
5 83 122
16 92 127
70 59 196
54 96 241
23 50 124
47 37 103
41 36 115
28 21 54
40 93 153
36 81 170
13 38 96
27 67 165
36 2 91
82 11 129
85 21 199
84 5 175
96 33 176
46 60 148
95 2 180
46 18 80
27 87 183
45 14 110
70 60 153
26 31 85
44 20 145
84 77 261
93 4 158
8 82 93
59 54 161
77 0 113
25 10 74
57 51 182
47 39 182
61 54 193
54 11 95
33 17 89
38 46 134
4 43 62
33 25 101
88 72 181
96 77 225
60 13 153
85 83 232
10 69 151
44 70 176
20 44 70
9 99 133
41 64 201
95 20 126
84 85 205
51 59 174
16 13 33
23 17 122
96 81 275
37 17 101
57 18 151
80 12 118
23 77 110
71 84 197
21 100 202
84 77 208
85 57 197
91 58 167
3 64 103
35 39 119
85 41 180
39 46 88
84 74 235
20 15 72
38 10 87
78 57 160
35 82 203
38 24 83
1 29 59
24 12 44
63 51 137
73 26 105
61 92 161
89 96 203
27 91 216
86 73 223
82 46 140
56 69 187
58 23 92
28 88 142
41 92 195
66 22 149
87 41 168
65 72 165
10 97 140
79 63 222
11 4 72
85 26 152
56 15 97
90 39 204
53 56 161
47 90 206
40 90 211
21 44 138
29 98 187
71 60 224
43 2 72
64 41 119
89 8 181
71 92 213
92 66 234
59 86 170
88 4 127
41 14 59
74 17 117
11 89 106
60 9 160
10 54 156
51 7 75
83 1 121
18 26 108
7 28 116
81 98 221
77 77 180
1 18 42
12 21 113
26 85 188
7 27 57
84 45 159
20 3 35
98 61 184
43 21 86
33 69 142
74 51 145
89 56 215
14 82 188
97 3 126
27 36 81
72 32 199
61 65 217
72 9 165
34 24 92
92 3 108
20 84 130
77 5 132
50 18 92
5 16 22
74 3 122
58 43 114
82 10 98
74 26 156
90 81 259
72 61 197
84 70 163
59 90 197
3 67 107
57 69 146
38 14 108
57 60 180
73 98 268
92 55 221
24 69 175
39 58 139
46 67 200
40 69 132
39 36 150
91 82 207
7 3 81
54 7 101
98 20 176
44 18 115
56 99 178
76 3 123
61 29 173
32 66 189
25 81 130
5 62 157
93 88 183
21 31 138
61 96 189
45 14 104
87 80 225
94 5 142
28 16 106
39 80 148
74 97 192
92 69 212
27 3 95
