200
1 1.01 1.23 1.99 1.55 
29 15 425522
32 19 174468
45 40 236985
43 28 471958
36 4 54886
20 11 82144
79 35 320559
87 42 163536
82 43 94223
71 31 239070
100 35 138438
44 26 289848
9 35 137875
3 23 148386
17 46 465677
37 21 159801
45 33 129882
12 27 33266
80 30 343775
99 34 80366
18 37 83068
82 32 424787
75 34 64249
79 9 72065
91 11 163081
59 20 38637
65 33 45632
89 50 6647
77 20 390777
37 6 349934
51 4 487904
11 48 393202
28 27 429541
1 36 300672
37 42 269128
63 14 361127
93 45 336702
56 7 6228
99 34 99499
43 4 97165
9 36 82554
81 3 210665
70 36 215166
62 5 208060
39 37 378833
2 12 59724
69 13 490284
93 34 203047
56 42 13747
21 14 27002
72 11 106763
32 40 44102
54 20 339205
68 14 321959
30 10 194839
19 29 340283
38 38 424817
21 14 259280
25 40 369885
56 5 83582
34 19 74305
40 37 203513
47 46 340414
86 6 344175
70 4 168603
74 5 218715
89 8 152565
12 19 365305
20 42 70278
14 22 368998
45 18 12475
21 24 254895
59 42 328160
89 13 434815
64 11 10865
38 6 255970
65 23 136707
95 30 220362
100 23 51535
90 30 67412
84 34 167482
97 26 340492
63 18 347564
75 13 446543
66 49 202182
44 48 222882
10 1 33850
22 37 383519
59 38 293666
82 44 340675
25 8 242397
71 4 310393
42 27 247271
60 50 181107
46 48 72091
76 46 173924
33 37 243210
1 43 65703
83 42 257926
10 18 491814
74 37 409395
17 18 11418
43 26 299745
47 35 495111
60 1 106449
99 1 44092
89 3 115201
5 37 345843
50 45 423671
86 48 381601
22 10 157592
67 34 316489
73 36 389090
27 32 152590
3 37 401498
72 8 142947
28 8 345024
79 45 221693
74 47 141431
52 35 112735
8 27 344736
9 23 435099
29 18 485662
56 23 270493
15 23 416702
65 8 241819
28 48 144847
94 24 439628
99 49 372850
52 2 99708
6 10 422357
40 8 362618
42 9 29517
13 46 454974
7 23 52567
47 5 27843
13 40 259108
30 32 433588
96 49 439002
23 13 91052
10 24 89984
39 21 207186
82 8 17269
26 36 154462
95 6 344934
39 42 155902
1 43 197407
39 45 350465
55 39 72277
12 30 480669
16 50 393558
99 39 453741
88 13 384333
40 38 436640
37 3 428590
7 37 124659
63 45 439030
1 29 468242
28 24 468296
87 22 205917
44 3 38522
43 38 71610
14 20 290561
42 43 24759
81 34 332828
3 14 5202
99 11 103997
23 22 264132
90 50 336062
49 9 270494
54 10 82652
79 16 91329
21 50 427459
79 5 472881
90 14 182999
90 50 307763
55 7 249247
97 37 195962
27 16 230039
33 1 464109
60 41 219437
44 4 282618
33 13 447054
12 50 420677
12 28 289746
89 29 261041
47 1 289066
6 5 249830
31 24 390687
65 5 93499
45 35 90937
66 18 59741
50 45 91309
9 1 86542
80 42 398242
41 4 423022
56 47 321106
60 11 316991
34 34 435958
60 36 68456
