450
1.0 1.8 1.1 1.5 1.4 
20 32 142
47 117 604
19 33 206
43 236 504
7 88 225
50 22 508
32 123 180
16 13 149
40 64 116
38 81 127
1 77 164
45 147 357
44 297 522
36 107 146
36 57 136
5 63 108
27 167 410
11 5 58
28 107 182
42 57 327
16 18 154
22 130 209
34 63 105
41 271 702
5 72 92
8 77 164
29 96 364
30 187 238
18 28 75
3 83 139
17 18 167
46 37 249
25 104 311
23 197 390
47 167 616
31 97 133
10 51 101
30 120 191
33 45 81
7 77 188
31 116 164
18 45 238
6 83 164
10 72 197
3 58 105
17 1 111
16 45 96
16 27 173
43 324 764
9 67 111
11 14 146
32 63 113
22 111 162
40 54 101
39 100 175
15 21 206
32 73 110
24 127 354
9 88 218
7 81 169
4 82 181
15 28 263
40 85 159
13 5 65
48 140 447
23 177 363
24 158 371
12 25 180
43 242 425
21 194 293
38 63 116
7 50 74
33 51 126
45 57 544
36 126 193
2 49 112
2 90 145
36 77 153
6 86 135
44 37 293
30 92 303
8 60 197
14 20 127
32 60 134
8 49 179
10 87 146
39 91 152
12 10 207
23 102 286
17 9 230
10 55 130
16 1 71
49 212 703
13 43 141
14 20 168
27 217 425
46 336 796
20 17 171
39 83 159
35 48 123
6 51 62
33 119 161
50 58 468
41 290 450
12 6 94
46 291 457
27 138 185
32 58 103
12 24 109
1 75 186
8 68 154
23 205 391
34 58 116
21 195 470
35 114 160
37 105 186
9 60 87
19 39 102
2 84 132
40 75 134
50 4 74
42 205 683
43 355 405
48 279 646
43 277 371
2 49 81
42 148 315
42 214 320
3 70 129
46 210 608
38 99 177
9 74 127
21 144 242
1 73 80
36 108 186
48 315 461
23 195 508
26 212 480
21 133 186
29 140 313
19 45 230
44 109 385
30 214 395
50 210 514
45 48 434
36 118 188
10 57 139
37 68 142
22 215 352
42 143 269
31 68 119
29 177 407
36 58 115
44 41 394
41 191 303
37 97 147
22 134 182
19 44 121
41 216 457
17 29 245
23 130 213
9 53 91
45 188 415
6 72 139
9 53 123
9 55 159
11 34 62
35 92 163
1 54 160
10 83 209
43 135 226
3 80 204
28 209 362
12 21 62
1 86 98
39 99 154
18 7 57
7 74 207
48 139 583
17 30 183
15 21 158
18 43 169
44 203 615
2 62 104
18 1 73
44 153 251
39 77 118
35 49 104
23 151 389
22 184 457
39 64 107
31 110 181
1 54 190
31 116 160
15 26 157
4 70 133
11 5 114
36 90 128
7 78 149
3 66 144
26 140 319
37 135 180
32 67 119
38 59 107
8 54 84
10 64 128
11 3 45
1 60 62
29 180 515
10 80 118
38 109 162
11 12 75
31 87 163
5 50 95
33 48 108
29 140 219
24 95 250
6 67 91
9 57 167
6 79 196
35 55 134
47 216 668
2 89 189
35 73 115
33 46 101
24 149 256
31 134 188
26 184 405
37 123 180
14 24 201
19 23 89
25 199 412
41 73 131
26 174 235
14 19 105
29 154 275
26 91 165
22 146 372
47 121 413
36 98 170
31 121 194
34 125 191
10 66 125
18 4 206
40 67 137
42 284 601
23 208 313
39 53 127
43 295 757
35 59 119
13 39 177
28 188 265
6 51 71
50 6 358
18 36 215
50 93 426
41 271 492
11 43 155
22 98 155
48 293 757
24 126 427
9 85 140
24 119 185
34 124 159
1 84 168
6 64 178
24 206 330
50 165 554
13 41 270
24 134 285
21 194 279
10 76 182
36 80 127
29 109 303
10 74 98
12 6 206
3 89 201
6 50 135
24 155 266
3 87 97
23 184 285
27 162 223
1 85 106
45 353 487
40 93 169
25 193 507
13 2 110
13 29 60
33 49 90
33 100 134
22 201 454
6 49 143
2 62 65
21 143 467
19 11 220
7 87 141
48 233 450
45 133 590
19 38 154
3 88 146
42 116 205
10 48 144
40 109 185
42 1 428
47 47 508
41 350 539
6 62 178
15 27 218
3 87 183
41 350 769
7 72 151
16 22 93
37 78 145
36 63 140
23 94 200
30 182 290
27 98 328
15 31 58
37 99 137
4 48 102
39 120 170
28 102 194
19 15 113
2 74 161
1 48 118
48 192 553
16 42 218
1 45 131
30 95 382
1 54 55
9 73 118
31 72 147
35 55 111
33 78 124
46 125 451
37 121 194
5 81 86
13 13 162
36 96 159
6 69 147
29 119 463
15 7 183
18 2 67
32 61 109
5 55 67
22 220 270
18 36 76
36 55 136
34 116 179
33 111 178
26 117 283
14 22 81
50 216 704
46 281 770
35 123 188
19 39 158
5 79 158
48 249 350
50 153 644
3 47 180
38 128 206
1 79 84
42 334 502
35 112 157
32 130 173
13 22 39
29 220 345
20 8 75
50 267 725
40 100 168
30 121 296
28 101 403
27 152 238
12 22 36
11 45 204
13 37 197
43 32 92
12 5 100
18 18 177
3 54 98
24 180 311
14 40 113
19 33 90
31 72 143
9 77 165
31 102 165
14 6 160
43 319 668
33 100 177
46 285 779
16 28 171
46 265 709
40 87 167
1 78 206
45 298 395
10 77 116
14 32 98
6 77 132
17 11 169
22 200 407
8 74 83
18 14 250
43 109 215
20 16 163
4 78 121
42 317 506
8 89 218
47 176 276
47 79 168
1 56 100
15 9 110
34 80 148
40 54 129
48 47 460
4 45 68
42 245 711
2 70 104
44 177 661
50 53 326
50 154 604
32 114 172
21 153 284
15 12 190
29 141 292
41 72 291
39 63 137
25 95 358
37 107 183
42 286 496
48 207 462
12 44 125
6 89 210
35 65 114
39 96 144
23 118 403
9 49 187
12 20 114
5 69 137
26 114 288
28 173 367
7 69 133
33 52 129
15 40 124
32 89 128
33 129 168
38 52 121
13 20 95
1 58 63
29 186 437
12 16 142
