200
1.0 1.4138947878860684 1.5091953833655973 1.4061827795058934 1.5187453297687579
72 1537 1624
85 761 883
70 1218 1304
88 2091 2180
70 478 556
90 1232 1343
71 119 220
76 149 262
92 1914 2019
72 482 586
79 1039 1153
88 433 556
102 1008 1127
93 1524 1653
95 172 291
82 265 354
100 595 709
82 1475 1561
55 1637 1723
51 673 741
61 1482 1559
99 620 746
96 763 863
81 1616 1711
94 1940 2048
59 540 604
72 418 537
70 1448 1519
100 1771 1886
95 3300 3403
68 995 1083
81 2518 2607
67 566 671
101 1211 1336
76 717 814
96 792 921
80 1240 1355
94 3244 3355
87 1218 1319
63 544 654
62 157 238
64 332 429
108 2283 2412
110 1587 1703
62 2083 2205
50 1689 1763
55 1922 2005
72 639 737
109 239 368
85 1238 1328
66 221 316
91 856 969
71 1742 1824
97 280 414
98 952 1066
69 1138 1218
88 1329 1426
61 69 157
103 637 778
70 301 390
90 871 963
74 1395 1505
75 1179 1263
92 1821 1931
97 893 1007
80 2470 2568
92 325 422
72 1807 1915
71 2135 2212
91 246 353
109 1340 1457
49 2170 2245
80 3859 3986
85 83 174
95 1152 1255
90 875 986
64 1372 1488
76 1983 2076
88 216 314
101 1013 1124
52 1144 1226
77 1387 1479
92 338 479
81 2083 2170
105 483 612
100 2081 2194
61 954 1035
70 1256 1347
91 1980 2093
106 56 196
57 643 736
75 387 495
81 1440 1536
78 1327 1454
87 1136 1231
69 688 779
96 2123 2239
110 2499 2647
70 2001 2102
89 1104 1221
78 2313 2392
58 874 956
67 711 805
71 1251 1357
71 398 491
73 635 749
53 1470 1536
109 9 176
83 1621 1772
128 1063 1217
78 347 445
110 62 195
74 630 760
75 1051 1150
71 1641 1729
58 667 756
87 27 141
67 870 970
93 35 153
83 2187 2273
86 1288 1397
74 457 547
88 1959 2080
70 454 533
76 2643 2774
79 2057 2159
83 1876 2007
78 2853 2987
104 699 825
84 1295 1386
70 282 354
82 2780 2890
94 543 676
72 590 668
75 363 473
72 859 936
86 1767 1876
108 2203 2351
69 1772 1867
71 552 626
93 2898 3005
68 3465 3565
101 1763 1926
74 1197 1271
72 1082 1187
75 381 474
74 267 350
85 586 676
72 1207 1322
48 782 891
73 342 440
55 743 813
86 751 848
93 1057 1206
80 906 1006
102 395 518
78 462 547
66 1446 1523
63 2859 2925
69 1006 1082
78 1245 1323
72 2309 2394
67 969 1077
89 137 251
94 1062 1197
75 427 510
50 3460 3535
56 527 602
72 1567 1651
55 822 916
72 91 178
98 549 672
88 537 641
102 1519 1652
87 643 748
119 1241 1416
89 3152 3250
88 135 250
77 2633 2729
77 678 778
82 234 353
87 60 186
84 2798 2953
86 1850 1978
103 914 1050
105 791 942
114 1921 2080
92 929 1031
73 866 966
71 1216 1318
95 1087 1220
73 217 301
92 46 166
68 516 595
107 1271 1420
79 2043 2155
69 119 237
76 872 966
70 2590 2663
73 1628 1726
