500
1.0 1.7 1.8 1.4 1.8
10 16 42
14 28 52
11 15 40
17 12 51
15 10 51
8 30 46
6 28 40
7 8 67
15 7 48
5 12 62
7 10 55
6 5 62
18 2 45
15 20 65
5 29 68
20 7 55
12 2 48
14 2 66
20 26 56
18 16 59
9 12 48
11 6 49
19 4 51
20 16 53
8 17 60
8 19 64
19 23 57
5 19 68
17 17 57
6 7 50
18 15 48
11 16 50
18 17 40
15 2 60
8 25 51
15 29 46
10 1 57
15 25 59
17 3 65
15 9 63
19 20 46
13 22 69
14 1 49
7 14 62
12 2 57
13 17 46
12 7 65
11 28 70
15 19 66
18 26 57
19 7 53
14 17 54
18 27 46
16 0 59
5 3 59
7 28 69
12 1 64
20 24 47
18 30 68
17 1 51
15 0 53
13 0 58
13 27 66
17 15 42
9 17 51
12 29 41
14 18 59
10 0 67
9 16 54
19 22 66
12 29 64
20 5 63
10 20 45
5 13 56
18 5 47
9 7 54
11 5 51
11 12 51
19 18 54
7 0 40
17 1 57
10 15 47
5 24 45
8 9 43
8 22 43
19 15 54
16 27 49
16 28 67
7 18 64
5 8 66
17 3 68
11 21 57
19 25 51
8 14 45
9 27 69
16 25 41
7 17 53
5 7 51
20 2 44
14 14 43
15 14 52
20 9 50
11 9 60
10 6 67
18 14 69
18 17 45
17 29 64
12 3 42
9 12 58
10 12 49
5 9 56
15 19 63
16 9 58
14 4 45
14 26 62
8 4 58
18 3 47
8 29 49
17 21 66
12 15 55
11 5 63
8 27 54
6 18 58
20 30 63
6 6 56
19 1 43
20 11 41
13 27 52
8 18 64
7 23 60
5 20 59
19 28 51
10 15 57
20 14 56
12 24 68
11 16 69
8 29 57
17 16 66
20 30 50
19 24 53
8 30 61
19 2 54
12 4 63
14 22 68
16 3 60
13 5 66
6 9 53
12 15 47
18 1 55
16 26 61
14 4 65
8 11 50
11 29 62
14 2 59
20 16 65
20 20 69
12 29 41
19 11 58
12 30 61
17 18 70
18 5 50
14 28 42
15 27 50
14 29 43
17 30 63
16 7 55
14 17 68
11 6 52
12 9 43
14 8 48
8 1 52
20 20 64
8 23 63
8 16 49
7 26 44
10 25 70
7 29 53
12 21 50
16 21 42
8 11 66
5 18 44
9 5 40
9 5 47
11 16 52
13 26 51
16 27 70
11 21 69
8 22 52
10 13 41
15 16 69
11 16 68
12 5 67
8 14 54
8 5 49
10 7 66
8 9 68
6 30 62
9 16 49
20 15 68
19 12 57
14 18 48
6 11 66
9 6 50
15 18 48
6 30 45
6 18 60
16 13 70
8 1 55
15 11 58
12 30 54
6 21 45
20 9 64
20 10 53
17 0 61
14 11 55
11 14 41
19 14 68
9 18 68
9 16 65
8 17 66
6 9 68
15 3 42
12 7 57
20 25 65
15 29 61
9 27 42
13 26 55
15 24 43
15 26 59
14 0 45
9 9 56
18 3 55
17 30 61
12 11 69
14 30 62
16 22 63
7 5 62
19 23 70
5 17 50
19 4 50
16 5 65
13 13 55
5 2 61
17 26 43
14 25 63
16 22 59
16 29 69
11 28 67
6 1 42
11 21 62
5 27 57
13 3 58
15 7 65
20 12 61
20 21 53
7 11 58
18 14 63
6 20 63
9 26 69
9 18 41
11 0 42
6 22 61
10 17 49
15 26 44
18 4 66
18 14 45
9 15 63
6 17 46
19 29 61
19 5 57
12 28 66
16 23 69
14 20 66
10 13 49
17 14 42
19 23 43
13 8 45
11 26 51
14 1 67
15 0 55
10 15 42
17 3 69
7 3 60
16 10 47
7 18 55
10 8 64
15 25 69
12 2 51
9 1 41
14 17 67
8 25 64
14 23 58
18 10 66
11 2 45
14 29 64
20 18 59
14 28 51
15 7 46
5 22 65
9 29 64
14 0 70
6 5 47
6 0 50
19 26 60
7 15 61
6 17 58
10 17 48
10 19 70
5 19 68
11 25 60
20 10 62
5 0 48
20 26 70
6 6 46
15 22 47
7 1 67
20 24 56
17 3 41
14 21 65
12 16 42
8 21 43
14 22 51
12 19 70
5 24 62
11 13 66
20 0 49
7 13 42
17 19 60
11 11 41
13 16 66
6 16 67
15 10 49
12 19 68
19 11 57
6 9 50
15 30 66
20 3 42
12 20 53
10 18 69
12 17 48
19 21 58
17 13 57
12 17 70
8 13 66
11 11 52
18 20 54
7 14 66
8 0 47
15 11 59
8 25 63
5 20 48
8 5 63
19 23 50
9 23 54
9 18 63
7 22 67
8 0 69
11 6 52
5 12 69
7 27 57
16 30 52
15 25 54
10 19 61
5 13 58
14 20 69
17 30 69
20 26 48
17 15 49
6 12 43
7 20 52
16 8 68
9 25 58
11 20 57
19 7 65
13 25 54
9 17 55
7 27 48
9 13 68
20 12 70
10 21 57
13 24 43
18 12 51
10 24 42
9 1 45
18 9 68
18 29 65
8 10 42
16 26 54
11 23 56
17 14 56
15 12 55
15 24 42
11 16 50
14 4 62
17 14 64
12 4 44
13 5 56
19 19 69
5 26 69
16 29 45
13 30 68
17 5 46
6 27 43
7 8 67
9 21 69
19 9 40
8 5 64
11 20 67
13 17 69
12 4 40
9 22 61
8 18 60
14 4 50
19 27 46
12 0 41
13 7 54
6 17 40
7 17 65
11 15 67
20 2 62
15 18 63
9 1 57
10 19 55
20 11 70
7 22 65
8 12 55
19 24 67
6 0 54
7 3 54
8 2 62
7 13 70
18 0 47
19 30 69
6 26 42
13 1 57
9 27 42
13 9 50
11 26 64
18 18 66
10 7 62
14 12 47
20 14 55
6 13 58
9 6 45
20 9 58
12 24 48
11 3 56
16 7 63
8 14 52
6 27 64
16 6 45
17 17 62
10 25 64
6 13 63
7 16 48
5 9 43
17 4 59
14 29 61
9 30 63
11 7 66
9 29 65
18 27 67
16 14 50
19 1 68
11 20 65
9 15 42
8 5 42
14 15 60
16 28 50
5 30 61
16 18 68
20 11 57
16 11 55
19 4 60
17 30 54
13 0 51
20 12 40
5 7 69
14 25 65
17 27 44
11 1 59
16 11 43
13 3 61
7 15 65
16 28 56
17 3 42
20 9 42
8 17 55
17 0 57
6 23 64
6 10 44
8 8 42
6 24 50
18 14 58
20 10 53
16 7 47
16 14 48
10 11 65
13 22 67
19 12 62
