400
1.69 1.53 1.81 1.0 1.45
2 379 402
2 42 62
1 96 122
2 234 250
6 293 317
2 226 247
1 58 83
2 96 116
9 201 221
9 187 209
2 289 310
4 194 214
3 337 359
7 175 197
5 21 38
3 245 263
9 252 277
6 293 319
9 163 185
2 137 158
3 231 254
4 127 150
3 321 347
4 224 239
2 259 273
10 292 318
6 131 152
1 78 102
10 276 311
10 314 335
7 293 325
1 65 87
7 158 183
4 313 341
10 189 217
10 227 252
3 109 125
5 262 283
9 155 187
7 340 366
3 324 352
10 310 340
9 359 387
6 267 293
3 199 227
10 106 126
9 217 241
1 59 85
3 39 65
4 65 83
10 85 118
6 288 311
9 183 203
6 81 107
8 4 33
10 139 159
6 33 61
10 175 196
7 239 257
4 263 280
4 111 129
5 186 206
9 174 202
8 77 108
5 136 152
6 335 356
4 346 367
6 294 321
7 70 89
4 133 155
9 178 206
3 272 286
4 143 159
3 99 125
5 71 92
6 232 252
2 378 402
6 30 46
4 4 32
2 264 281
6 85 102
9 275 304
2 145 164
7 254 277
7 157 187
2 110 135
9 339 365
1 169 189
4 28 48
2 86 113
5 58 77
8 192 220
5 42 68
7 230 250
7 351 373
9 351 377
10 202 225
5 223 242
8 150 172
3 309 326
4 0 23
4 355 375
1 276 299
5 254 283
9 103 132
10 137 159
7 10 42
5 369 388
10 182 210
7 179 211
5 289 312
2 77 93
6 155 174
3 152 175
7 250 277
3 317 342
7 64 91
9 115 138
2 31 44
6 339 369
9 271 300
7 217 248
1 340 356
5 209 228
7 58 79
7 202 231
4 186 207
2 37 50
1 169 181
5 31 49
2 75 87
7 149 167
8 227 254
8 177 201
3 136 162
8 166 192
10 238 259
4 293 310
5 244 272
7 192 212
6 334 355
5 263 281
10 340 373
2 227 246
8 315 335
1 252 278
9 114 143
4 242 270
2 138 156
1 313 332
2 376 397
9 78 107
7 14 31
1 258 275
8 312 340
8 70 95
4 51 78
2 272 285
1 363 379
5 302 332
7 369 396
4 80 100
1 132 148
8 188 219
1 240 265
2 56 73
3 248 273
7 293 316
7 86 108
7 244 262
5 88 116
4 226 247
5 98 126
7 177 209
8 300 322
6 157 177
5 111 141
2 27 52
10 56 91
5 73 88
3 225 244
4 64 88
7 220 240
5 36 60
10 148 182
7 73 90
3 207 231
4 351 365
1 95 115
3 281 308
5 160 182
3 142 160
2 350 375
4 89 108
7 237 268
8 4 23
2 257 271
6 53 76
8 273 305
4 347 370
7 361 393
7 312 340
4 373 402
7 149 170
3 58 84
3 195 216
10 369 390
3 268 296
9 64 87
6 50 68
10 56 84
9 135 163
3 313 328
4 360 374
3 136 156
1 360 373
3 130 153
6 29 49
6 272 301
1 232 248
5 223 245
9 37 64
6 277 295
7 300 329
10 249 280
5 327 349
1 227 238
7 19 45
9 258 280
3 305 332
10 265 285
3 215 240
1 213 237
5 308 331
1 212 235
1 83 101
3 205 223
5 141 156
2 190 205
2 86 108
9 260 291
9 135 168
7 34 52
10 10 43
5 345 362
7 145 173
9 276 302
6 295 311
5 105 125
8 207 237
1 281 301
9 96 119
6 41 66
4 12 40
1 157 178
8 263 292
5 339 356
4 279 293
8 351 377
4 241 259
6 236 253
2 81 108
6 243 271
8 45 68
3 348 374
3 221 247
5 156 184
1 120 135
3 185 210
1 372 394
10 334 367
5 189 219
10 345 368
10 113 133
1 115 129
3 111 129
9 340 370
5 54 71
5 196 223
1 228 247
5 19 47
3 329 344
2 295 314
10 10 44
10 180 208
5 344 363
5 326 356
2 46 60
2 47 74
10 94 116
6 102 125
7 280 306
3 239 253
7 131 157
5 376 403
5 98 119
6 305 328
1 333 356
4 146 173
6 93 122
9 214 234
4 276 305
8 199 220
4 203 227
8 259 284
7 129 161
3 306 331
2 63 76
1 310 336
4 249 269
9 143 174
5 322 346
8 289 307
2 77 103
10 288 309
2 125 140
6 378 395
3 335 348
10 292 326
4 18 38
2 250 270
7 75 100
1 357 383
2 257 283
1 130 156
1 276 288
2 188 214
10 358 382
10 221 248
2 6 18
5 86 111
1 191 214
4 301 327
4 213 227
10 238 271
2 187 207
3 7 25
8 178 198
2 239 262
9 217 237
5 45 65
3 66 93
6 38 56
6 236 259
1 350 361
7 315 339
10 292 320
10 226 250
3 366 389
3 11 39
7 360 386
1 190 210
6 142 167
8 19 39
10 108 134
10 173 196
5 378 394
3 250 271
1 19 37
6 295 311
4 376 403
7 206 226
7 340 361
1 373 391
10 168 199
5 167 185
6 250 270
10 40 61
6 216 233
5 357 376
10 337 365
4 154 172
3 195 215
10 217 251
8 288 319
1 176 199
10 378 400
4 359 379
2 246 264
3 197 211
4 3 18
10 184 204
9 346 378
10 75 102
10 20 53
9 83 110
6 106 130
6 11 40
1 301 326
5 182 206
7 358 390
7 241 259
2 144 171
9 276 305
10 87 115
10 114 145
4 137 156
10 234 261
2 240 260
3 198 212
