150
1.80 1.10 1.30 1.80 1.00
47 85 168
72 29 156
12 2 22
2 2 4
87 77 247
37 27 84
8 14 29
38 54 109
7 10 21
61 30 137
14 8 28
72 23 115
43 39 109
20 21 57
57 45 156
6 2 11
76 77 188
44 67 142
3 1 7
40 55 124
66 126 207
81 64 171
97 5 187
71 34 172
49 55 148
30 38 82
35 68 137
98 35 228
37 62 125
51 31 130
13 7 24
20 6 33
50 47 118
56 47 142
92 139 274
100 48 206
53 59 149
50 26 110
75 129 230
98 33 183
76 82 219
85 150 316
57 41 146
34 63 112
43 22 97
7 11 21
52 92 189
90 101 234
11 7 29
20 19 44
73 34 162
35 25 94
68 76 212
36 2 61
96 37 171
99 101 294
31 16 66
6 1 13
23 36 81
48 58 120
68 102 238
6 9 21
69 138 266
77 16 136
73 139 258
43 26 98
48 35 103
27 48 96
27 46 96
14 1 22
58 67 179
8 11 23
50 54 115
91 40 162
41 31 87
28 2 58
84 44 163
74 54 147
85 74 208
12 7 27
5 8 15
42 18 84
38 76 149
88 79 220
53 78 161
74 33 135
21 24 54
89 172 358
42 3 84
10 6 19
74 76 172
49 71 138
74 131 236
99 23 217
28 12 65
13 8 27
4 5 13
77 83 193
10 3 22
93 92 251
38 35 96
42 49 111
43 9 66
49 61 134
94 105 267
71 61 166
85 136 301
98 93 233
11 15 30
62 55 168
40 39 102
92 7 129
84 111 249
67 121 258
38 22 91
80 124 234
55 44 120
27 36 69
87 29 178
64 69 179
58 87 192
80 95 211
77 99 211
94 97 276
25 27 64
6 11 21
16 25 46
37 33 109
82 123 244
6 9 16
58 100 191
65 60 178
52 20 126
72 81 202
51 36 136
77 154 287
93 163 332
97 45 183
57 107 183
78 150 268
36 5 59
80 7 125
59 24 101
89 59 217
62 1 91
91 137 292
61 29 145
58 33 134
71 86 227
12 8 31
