450
1.00 2.43 1.00 1.69 2.88
37 46 118
92 98 247
80 32 152
29 26 104
14 39 88
58 93 168
15 71 140
12 42 232
8 73 160
4 18 30
55 54 207
61 77 152
46 7 178
70 73 217
44 13 248
77 70 217
21 10 246
89 65 228
23 42 154
37 42 209
22 47 92
19 53 166
48 87 171
25 25 140
56 52 250
26 83 160
49 54 250
4 85 207
74 5 211
50 53 166
58 30 125
6 56 75
49 87 211
35 26 235
35 80 176
99 89 199
49 12 183
9 62 220
11 29 113
60 58 197
3 28 209
33 25 237
7 85 152
91 85 249
31 96 230
93 29 123
65 53 176
65 43 217
1 32 100
92 5 245
44 52 96
47 0 205
33 27 243
25 78 198
75 84 214
3 75 93
75 90 234
94 51 150
86 52 219
43 20 187
74 37 244
47 97 181
8 97 130
19 78 171
49 35 181
14 26 49
90 47 161
28 51 139
36 76 225
83 52 171
51 6 99
50 45 153
49 88 222
49 32 128
45 41 152
35 15 152
40 89 183
28 72 183
55 10 147
53 49 238
68 97 207
50 33 105
17 93 217
82 56 151
15 90 238
11 21 203
61 4 167
73 45 128
11 96 131
13 12 136
57 80 175
57 40 232
26 59 183
46 34 115
56 43 113
44 62 137
1 27 214
50 67 199
27 25 170
62 55 153
10 75 232
30 87 218
69 96 208
81 14 105
46 94 212
26 68 145
8 99 198
75 99 213
6 71 248
15 27 250
13 97 224
72 48 219
31 80 131
15 6 162
32 74 128
79 4 136
28 65 113
85 34 128
48 17 78
7 55 203
88 72 240
62 78 220
56 54 196
8 98 155
42 7 243
21 86 162
17 59 115
4 78 169
79 18 137
59 80 205
10 30 115
43 11 195
30 28 99
19 76 161
13 91 178
100 67 180
56 41 129
87 81 209
46 71 142
94 38 219
42 80 194
97 77 194
52 51 146
5 36 128
22 42 236
87 12 190
95 25 179
56 49 167
45 57 229
91 20 136
27 51 215
78 76 196
51 3 97
63 32 117
68 1 179
92 63 197
67 54 187
87 87 225
100 86 242
8 97 132
86 65 180
32 10 59
22 36 149
28 65 121
8 40 209
64 44 143
10 87 114
34 21 109
83 86 206
99 39 221
48 36 144
23 93 141
8 48 160
12 64 129
11 43 173
60 14 106
37 80 188
63 69 250
46 83 162
26 47 176
14 26 104
57 14 244
2 44 100
1 94 179
52 87 196
77 9 95
74 23 180
57 11 186
21 97 200
72 34 147
12 71 91
73 59 242
1 37 45
21 71 148
8 22 143
87 80 208
10 29 144
39 9 50
41 26 227
36 22 67
69 92 236
5 84 114
79 68 228
34 9 121
19 1 133
27 31 240
11 63 96
11 70 81
39 19 101
45 38 94
63 36 191
91 36 132
20 5 63
15 16 178
53 89 203
37 71 120
37 100 175
68 64 214
30 16 82
26 37 146
38 81 143
2 92 140
64 83 242
86 58 223
23 100 162
1 5 109
1 28 186
22 17 56
79 100 220
74 93 248
20 53 159
44 4 52
19 31 190
49 66 165
21 8 210
72 89 215
65 10 125
18 36 176
53 50 223
100 23 147
12 55 72
70 58 189
57 16 138
72 33 141
77 91 201
84 87 231
18 33 149
30 67 150
48 31 121
74 29 186
31 89 125
35 8 52
78 28 156
58 34 92
40 71 158
89 66 233
80 66 249
63 29 109
4 10 125
10 86 167
72 69 182
90 90 229
24 51 150
27 52 196
76 55 220
15 27 116
45 56 125
80 81 190
93 71 193
70 99 242
80 92 249
7 17 74
83 84 193
78 13 170
15 63 208
2 57 147
16 83 230
32 37 97
8 38 106
58 39 147
7 70 112
98 0 133
15 99 134
58 43 198
72 86 246
2 57 85
38 85 171
57 3 227
44 61 228
52 47 100
43 85 172
19 68 139
91 42 177
80 40 242
100 32 216
82 28 148
28 89 240
36 1 117
86 13 220
96 20 149
89 3 115
19 68 143
35 41 167
13 99 242
36 95 204
13 81 136
20 42 147
11 87 172
67 31 247
82 93 230
40 39 192
56 56 226
95 50 172
52 89 234
70 7 101
82 68 179
53 95 186
88 75 171
90 55 228
66 27 143
79 8 142
65 17 209
9 22 132
55 32 193
22 82 218
90 3 105
40 81 169
11 62 135
20 70 208
82 13 111
71 29 169
10 15 30
93 38 231
55 69 242
68 25 121
68 72 215
46 57 132
82 9 133
23 52 189
29 66 108
52 84 174
44 67 236
49 36 137
4 72 209
87 72 207
6 86 233
66 20 136
72 5 94
41 17 78
64 46 122
60 58 209
83 58 149
35 50 184
41 64 161
11 74 115
13 4 157
95 33 135
52 81 238
15 35 115
19 63 178
10 92 114
40 16 60
52 79 175
73 91 247
76 59 166
33 69 181
97 13 226
8 28 183
34 5 220
84 74 247
24 5 85
74 69 230
2 14 234
5 81 203
68 3 75
11 22 110
4 22 142
50 69 204
71 45 216
20 48 158
47 62 144
61 11 160
84 11 124
57 16 80
52 28 104
24 80 160
28 13 45
36 17 86
61 31 224
76 19 151
28 28 172
74 12 152
13 70 155
47 50 153
40 22 200
2 36 160
61 58 145
92 68 223
38 97 237
71 70 169
44 26 226
17 71 243
88 100 249
16 12 131
13 47 160
90 62 218
52 63 147
3 81 102
23 91 149
34 13 104
16 70 217
92 40 185
95 89 233
48 95 180
37 90 194
82 85 186
78 65 233
23 32 115
82 94 236
9 6 98
66 65 179
56 82 171
61 25 168
83 13 198
67 51 229
31 35 88
55 75 187
100 48 165
8 90 151
58 82 165
86 85 238
15 72 198
14 37 156
12 2 239
27 58 165
52 27 222
43 83 141
17 81 210
57 31 187
12 57 153
69 66 236
16 29 244
43 29 200
86 48 183
91 75 245
20 37 80
65 55 242
61 92 244
61 62 202
24 60 114