200
1.60 1.30 1.80 1.90 1.00
86 101 212
81 61 201
38 33 100
63 84 163
22 37 63
74 52 187
3 0 4
51 102 193
53 74 179
38 22 91
3 5 10
38 17 66
29 42 79
79 111 245
14 16 43
76 39 136
39 60 117
4 1 6
50 75 170
17 30 52
7 10 19
5 7 14
13 18 39
94 60 199
59 76 170
35 27 86
61 30 146
70 31 161
38 49 103
66 63 162
35 38 103
4 6 11
85 86 225
17 25 48
71 32 147
59 2 103
82 119 280
60 94 190
88 71 213
18 24 53
21 42 77
25 40 81
29 8 51
74 0 101
78 41 180
2 4 6
83 80 201
54 71 137
20 9 38
37 36 95
32 42 95
29 55 111
24 34 69
36 11 77
25 44 84
33 53 106
77 52 177
27 43 91
8 10 21
77 124 269
39 49 124
84 38 188
1 0 1
28 36 91
31 2 45
23 4 40
47 76 139
82 118 244
80 154 298
100 195 320
47 38 120
5 8 17
12 4 22
52 70 143
18 23 56
54 43 134
1 1 2
45 71 137
81 120 220
10 16 29
97 30 207
45 62 139
44 77 133
71 99 236
97 23 161
51 45 115
27 50 98
6 2 12
73 126 243
96 80 243
63 71 148
42 79 160
19 4 34
31 43 102
40 74 140
7 10 20
27 13 65
63 102 217
2 3 6
21 4 38
58 9 110
50 87 150
28 41 75
30 0 45
90 136 289
70 60 193
38 48 118
11 12 25
34 24 86
9 15 27
55 35 126
47 66 128
47 36 109
58 102 186
86 106 272
22 37 71
74 53 184
51 4 97
46 1 61
51 80 150
46 14 87
68 100 211
8 6 18
78 22 172
5 8 16
87 132 273
56 10 104
53 49 131
100 144 330
87 18 152
27 23 64
73 138 233
45 21 85
28 25 71
73 35 135
29 22 78
13 23 45
55 54 142
93 137 289
29 24 70
24 30 71
29 12 62
68 48 144
82 125 238
73 91 209
24 6 39
9 16 31
56 92 170
29 34 78
42 9 87
77 145 267
86 68 217
51 9 99
48 67 137
98 164 289
35 62 121
13 10 31
85 139 295
6 0 7
57 102 182
45 52 137
83 147 299
38 67 113
85 138 265
92 20 199
38 74 120
38 1 65
84 110 213
44 64 122
50 29 118
86 7 150
24 29 70
30 60 96
79 73 203
52 92 159
6 2 11
48 18 108
97 177 332
70 43 136
93 17 137
18 7 34
36 42 109
99 63 243
73 22 134
28 48 82
40 12 72
96 23 186
28 14 61
71 139 252
54 102 187
70 30 139
10 3 15
40 5 57
47 26 94
27 10 55
19 27 61
71 72 189
28 51 106
83 126 250
25 34 82
