300
1.60 1.20 1.20 1.80 1.00
38 37 86
83 45 188
32 38 103
9 5 20
95 151 293
34 37 87
22 11 38
25 31 77
69 79 208
71 15 139
34 57 100
7 6 16
67 118 212
89 43 196
9 1 14
17 11 43
32 1 50
36 31 80
21 0 30
78 58 166
63 81 183
61 90 200
28 4 50
8 11 21
81 54 203
74 121 222
81 154 276
19 28 60
28 6 46
22 31 61
81 36 152
45 45 107
26 49 88
34 53 114
39 66 131
70 87 199
69 127 231
26 2 50
89 2 179
70 129 244
42 81 149
36 14 73
99 50 241
29 4 50
19 31 69
78 67 169
81 149 297
25 42 86
33 63 113
25 33 74
27 40 73
5 6 13
25 40 76
79 39 185
44 59 124
81 125 233
37 46 105
29 49 101
29 5 47
49 20 114
97 10 145
53 78 182
47 18 99
61 118 222
5 8 16
96 50 205
22 27 63
60 32 111
53 91 198
19 35 68
59 94 175
54 92 178
12 1 23
7 0 11
3 5 10
16 21 41
99 115 252
4 8 14
29 30 68
17 15 43
24 24 65
89 10 165
89 37 181
59 118 210
13 7 31
36 68 124
42 82 168
5 6 16
10 17 37
38 4 64
82 114 251
23 29 73
67 90 226
56 62 174
72 39 128
85 125 274
99 2 143
100 199 377
1 2 3
2 0 3
48 28 122
43 5 78
76 40 141
69 23 136
22 10 48
54 40 150
19 13 49
31 33 89
68 74 185
23 39 69
49 64 159
95 128 253
73 126 268
88 73 235
68 109 235
51 88 159
49 47 138
96 97 224
40 58 136
31 58 114
40 15 88
24 44 79
33 55 117
52 7 86
46 49 107
22 37 72
30 2 55
48 11 83
18 34 61
88 39 159
1 1 2
17 1 25
20 26 54
15 1 30
63 66 171
88 2 138
31 17 66
98 178 370
65 38 125
13 6 26
21 17 45
12 13 32
6 8 20
14 8 35
56 44 120
45 82 145
79 154 290
67 11 102
76 51 171
8 16 31
100 112 248
1 0 2
73 69 164
69 15 112
28 44 78
84 23 186
43 57 125
5 3 13
43 39 109
97 97 249
23 32 79
98 67 218
81 154 283
17 1 29
99 94 231
96 138 281
92 115 271
52 4 79
50 18 102
60 56 166
77 34 178
92 30 149
77 115 262
66 15 120
66 56 165
51 87 162
38 15 78
15 6 34
39 26 96
25 4 37
97 25 149
69 20 147
60 60 135
36 7 77
8 16 27
53 6 74
82 151 287
80 103 241
76 145 288
13 9 28
52 44 135
81 133 254
50 30 112
11 20 39
75 83 237
15 1 24
9 15 29
78 71 170
79 108 243
88 154 272
16 11 38
45 28 98
4 4 11
42 23 90
44 58 131
74 75 184
58 57 169
97 131 283
30 43 98
50 41 106
52 44 118
100 19 178
65 36 122
19 2 30
95 0 147
13 6 31
59 82 185
10 18 35
63 73 182
27 5 56
92 16 142
99 66 198
22 44 74
19 5 33
69 122 221
55 46 117
27 27 79
54 76 168
41 56 111
78 60 214
39 4 69
38 38 100
27 18 52
34 45 98
92 47 188
29 12 66
10 7 24
79 43 148
81 90 241
30 4 57
63 0 87
84 146 255
38 8 70
10 1 17
23 3 35
74 134 236
96 151 322
3 1 6
57 84 173
48 18 106
40 3 51
91 14 146
24 37 73
93 0 176
45 30 92
83 128 236
13 9 35
19 18 50
12 22 44
88 36 152
51 51 146
58 114 197
72 23 147
40 41 104
47 80 139
17 32 57
33 9 68
95 38 208
71 128 248
74 77 178
58 64 141
16 12 35
65 5 92
72 126 254
40 8 63
11 18 36
33 51 91
62 63 179
71 65 188
81 58 161
61 31 114
80 141 258
63 5 93
16 6 28
82 138 251
39 52 104
1 1 2
59 112 213
35 59 110
63 90 190
83 14 133
60 31 133
93 62 220
67 48 182
23 42 77
86 22 140
11 5 20
20 11 39
80 25 183
35 57 119
