350
1.0 1.5913009696890166 1.3153322733787156 1.4821241393237354 1.4294181926695657
104 1658 1801
123 1465 1632
114 5495 5664
133 1202 1404
155 180 348
159 6613 6793
162 1465 1651
148 303 476
218 1053 1305
146 674 900
148 2210 2400
140 1376 1548
175 828 1071
148 2434 2601
136 501 731
152 3994 4155
138 5887 6035
137 1980 2216
137 1018 1159
191 1226 1435
166 1682 1876
136 819 985
163 452 618
135 428 584
103 1147 1316
144 1906 2117
129 904 1059
154 802 994
146 1652 1818
133 988 1185
184 1453 1691
161 883 1065
132 1959 2155
131 2041 2188
126 952 1092
147 1273 1444
133 2087 2220
144 1259 1459
120 4250 4405
96 4045 4203
135 1904 2096
151 3759 3919
146 3165 3436
124 2502 2669
149 2186 2396
144 1009 1162
168 1450 1667
109 1725 1869
147 2496 2692
138 1025 1222
153 1944 2119
126 124 266
137 197 390
173 2394 2613
169 3106 3278
114 1132 1308
119 769 891
124 2104 2249
124 946 1124
155 3038 3220
142 978 1179
123 3298 3445
135 4523 4748
134 493 699
152 352 633
140 4353 4608
123 2585 2720
138 1158 1374
124 3833 3976
106 3167 3309
124 220 347
148 4357 4561
129 3480 3636
132 661 797
120 606 789
131 3620 3770
141 962 1166
124 3658 3875
145 641 821
143 2384 2559
121 2045 2260
119 1960 2150
157 1411 1590
158 1154 1348
166 794 1010
118 71 262
135 2781 2918
145 3129 3346
132 2927 3082
133 4142 4276
169 1243 1477
167 3395 3565
156 5249 5462
124 2262 2419
130 1778 1968
91 2686 2852
146 1081 1265
122 1305 1471
174 2952 3181
99 1116 1230
116 1771 1905
135 342 516
143 1594 1800
129 1902 2060
105 3168 3325
136 3109 3273
138 2246 2414
122 3328 3467
179 1548 1744
148 3106 3275
160 813 1017
149 1366 1529
151 702 858
119 664 784
142 1080 1227
141 3052 3217
144 246 419
147 2600 2756
111 2194 2327
147 2322 2491
140 144 342
98 2428 2533
158 3411 3575
152 3053 3221
154 3213 3389
134 4019 4199
153 1746 1936
135 1603 1779
156 327 484
132 2114 2303
132 4124 4311
131 247 468
175 3950 4151
122 1347 1553
118 3048 3224
139 3383 3542
168 195 399
163 875 1095
131 1294 1434
97 2286 2399
124 2342 2471
144 3399 3591
132 327 484
102 2192 2300
156 75 246
180 623 848
127 4576 4765
142 630 784
132 628 818
141 291 514
177 514 720
118 156 312
154 2575 2774
132 1922 2115
150 637 830
125 851 1032
106 2772 2922
132 2094 2265
175 591 766
136 5 161
151 1808 2027
115 4502 4628
100 2860 3030
154 4132 4313
144 3506 3696
140 1000 1158
122 1945 2145
156 1991 2208
132 2074 2232
163 854 1019
137 5389 5608
140 4153 4333
116 438 614
149 710 877
135 2096 2262
152 3986 4145
158 1920 2088
145 3867 4053
118 2465 2677
146 2 225
109 4135 4349
155 1270 1460
133 1492 1660
114 4004 4128
161 951 1150
147 3001 3160
136 4016 4198
126 3473 3631
129 1594 1792
124 2302 2560
105 3315 3431
127 4420 4554
131 2047 2193
146 1674 1847
132 388 556
125 5480 5608
154 1186 1350
138 3108 3316
125 2624 2837
200 3001 3223
153 1163 1396
111 1514 1713
149 2710 2934
147 4604 4762
143 341 528
133 418 575
154 3674 3882
150 1355 1591
151 281 448
136 2335 2485
145 3101 3317
140 2181 2334
159 3512 3728
132 5777 5932
138 414 603
162 3862 4121
121 231 386
117 4368 4558
192 2344 2582
152 624 792
127 2200 2341
131 712 869
141 3573 3760
145 2173 2329
122 1581 1707
129 1519 1680
120 1923 2074
155 3124 3286
132 1539 1745
117 3141 3264
143 2660 2839
128 1996 2156
129 2527 2665
148 1232 1399
150 2385 2606
129 607 763
121 1330 1542
143 836 1054
144 2540 2766
133 651 858
164 3891 4089
170 2532 2780
122 3080 3208
134 4294 4433
132 3702 3869
135 451 664
126 1927 2074
117 2442 2588
114 1448 1614
162 340 533
131 2558 2709
96 2637 2790
179 1644 1846
139 2331 2497
154 704 906
150 1413 1607
138 2619 2759
121 523 697
122 22 195
119 2355 2539
130 932 1072
142 3405 3565
126 650 812
166 1271 1491
110 38 230
131 4586 4719
173 5097 5294
147 3121 3348
153 1457 1640
137 368 519
166 1055 1255
176 1560 1820
117 2204 2364
120 5285 5412
125 1367 1510
110 2515 2634
171 1458 1685
123 1881 2023
139 799 992
107 721 857
110 4350 4506
187 73 276
147 843 1006
192 2611 2900
127 1155 1289
166 2797 2995
135 1696 1922
156 369 568
145 5105 5266
201 671 914
139 1566 1808
134 1169 1312
136 1532 1698
154 1238 1452
132 1443 1603
152 4163 4391
134 3421 3611
141 609 799
180 834 1042
137 2864 3053
124 1238 1412
150 769 937
137 1879 2058
98 1676 1829
149 2186 2462
130 754 892
155 466 672
125 118 269
136 2471 2639
141 322 505
130 960 1114
161 61 315
166 1994 2221
118 2255 2401
130 1123 1320
156 1113 1329
186 5839 6049
164 5274 5479
150 3394 3606
151 4728 4891
157 2437 2594
179 487 684
127 1914 2075
106 711 851
118 2953 3136
119 1747 1899
150 2346 2509
109 1751 1886
112 531 662
108 771 950
131 1240 1389
120 4914 5118
116 1925 2068
178 2075 2322
151 512 702
137 2409 2584
125 3623 3807
152 2807 3047
126 4681 4810
132 2042 2263
140 2292 2486
106 3508 3629
113 1772 1910
141 4548 4804
182 74 296
156 314 500
99 3065 3215
143 847 1031
136 519 704
158 219 390
