350
1.44 1.89 1.12 1.00 2.59
77 75 194
85 35 176
45 11 66
90 69 210
32 60 204
30 64 233
79 92 199
35 70 180
96 32 243
98 41 193
76 4 222
88 91 248
53 85 240
36 78 234
16 60 105
55 83 205
50 87 181
56 89 204
75 53 227
94 89 192
21 96 182
4 70 139
41 71 198
31 48 245
70 51 244
15 6 61
78 38 158
52 56 128
9 2 133
8 44 172
40 76 179
35 18 210
64 0 153
41 96 174
13 9 211
52 95 171
97 98 224
7 25 40
68 36 217
43 47 133
57 78 225
36 81 180
63 23 116
44 63 224
85 82 199
100 33 150
30 88 183
43 7 118
25 36 156
62 20 191
8 81 250
1 35 66
70 24 177
97 76 175
75 19 168
78 47 141
89 19 136
77 3 233
70 50 157
6 68 224
24 63 108
3 60 132
90 95 232
31 39 206
24 24 240
58 74 243
48 48 221
84 10 229
74 67 187
11 84 140
9 8 198
80 43 217
94 51 162
30 88 206
68 65 179
70 4 161
24 17 106
22 44 152
70 94 194
26 8 118
67 97 227
5 97 150
1 47 195
56 21 97
74 43 126
40 46 213
73 13 194
66 67 178
51 74 249
73 58 136
57 31 130
8 97 228
2 25 70
61 51 225
55 2 188
73 10 202
55 48 188
8 74 182
88 10 124
77 11 123
66 27 218
33 12 246
2 37 72
18 3 208
59 93 207
40 35 178
41 65 135
69 53 156
91 62 244
72 5 153
13 69 219
13 82 124
37 3 187
40 91 172
15 9 178
18 10 85
71 52 188
26 61 123
48 62 248
52 21 218
42 24 196
6 74 191
63 59 175
39 39 165
73 38 125
92 66 189
10 17 64
86 82 181
54 2 196
62 47 186
86 91 231
23 90 157
98 78 200
75 10 154
22 80 134
54 29 98
99 32 207
88 27 229
86 73 208
51 35 116
71 8 224
28 37 221
72 34 223
38 38 82
81 33 116
67 62 185
79 82 184
93 32 184
96 49 165
6 25 54
33 12 151
73 18 160
100 83 222
86 87 240
91 17 186
7 71 201
34 17 192
1 57 235
12 52 199
62 9 133
81 21 231
15 33 78
47 41 189
53 82 161
17 2 79
95 18 216
76 72 187
31 12 187
27 6 199
16 5 71
31 59 191
38 9 162
74 35 128
36 88 207
94 44 225
61 85 163
85 87 215
14 26 242
92 33 203
9 97 120
39 4 86
5 73 224
55 33 179
61 65 142
70 23 119
50 26 244
45 85 176
64 96 211
97 43 230
38 87 130
65 49 120
58 38 102
16 30 73
22 49 250
10 40 160
21 86 209
50 81 194
11 1 104
83 84 207
70 86 209
12 64 95
47 88 167
60 84 249
31 63 203
95 73 221
2 60 161
10 94 157
32 93 130
77 24 190
99 89 227
39 0 127
81 63 188
83 26 227
61 81 209
84 27 209
21 71 154
66 43 124
73 43 138
76 78 237
72 68 145
80 50 235
64 56 183
54 13 171
7 27 214
22 3 94
85 98 216
15 22 203
33 88 123
76 74 212
12 6 235
62 36 239
59 88 194
14 98 118
19 53 178
58 39 155
88 3 233
30 13 241
87 73 208
85 65 219
20 80 132
77 97 226
3 30 129
59 10 91
3 51 167
52 44 150
48 75 214
74 1 159
12 46 160
40 9 136
3 84 231
7 21 120
17 19 206
56 14 100
44 5 165
100 41 153
83 5 196
26 41 125
63 6 196
61 88 233
9 28 65
66 21 240
4 98 157
5 26 79
68 43 160
91 15 137
92 48 236
26 70 105
58 6 86
93 14 172
26 94 172
93 94 246
74 33 108
41 100 227
9 57 228
8 97 205
71 47 133
9 12 138
16 26 223
48 55 244
52 4 100
47 36 163
92 94 202
42 33 237
37 54 174
63 22 204
62 17 116
24 5 240
45 16 101
82 30 191
93 69 238
26 25 185
66 5 142
42 64 139
73 98 244
78 70 238
80 28 121
28 57 180
9 3 123
75 38 198
61 79 145
21 35 76
95 0 99
88 14 153
16 3 156
60 8 181
100 17 137
86 72 217
49 90 208
23 33 108
78 23 141
29 37 242
36 78 212
90 23 197
66 7 185
88 15 223
12 35 81
72 0 210
33 82 176
34 29 81
36 19 97
49 36 250
50 81 174
8 24 50
74 48 228
65 42 152
33 85 171
2 25 180
39 20 212
81 32 137
88 13 231
86 78 241
11 87 137
46 83 141
57 4 194
77 56 229
3 18 79
93 19 194
52 81 150
78 77 171
69 43 178
92 65 168
5 20 120
92 100 214
12 74 226
33 24 57
85 1 156
86 6 113
79 35 196
60 92 223
38 20 76