250
1.0 1.5 1.2 2.0 1.6 
55 46 152
33 39 79
7 71 108
41 86 159
9 57 117
56 67 203
88 66 195
24 50 99
84 38 174
9 94 191
22 24 51
26 46 80
81 34 180
48 69 201
31 80 128
8 9 63
66 72 229
61 83 204
21 70 92
15 44 104
4 16 47
4 19 76
68 90 233
22 52 130
62 37 116
27 89 128
10 75 150
36 24 78
8 56 114
65 72 192
62 45 163
36 90 186
62 75 160
98 89 240
9 32 111
42 45 133
10 45 144
78 24 137
92 16 191
15 93 174
62 93 193
49 72 204
89 26 129
19 89 160
13 7 89
13 14 43
87 59 241
93 28 136
33 43 130
16 7 64
93 98 202
86 89 190
61 96 171
38 85 216
66 42 123
33 2 70
22 80 119
56 12 96
43 33 160
25 52 80
48 26 132
68 37 117
39 29 116
11 35 103
35 8 130
86 53 216
76 76 248
76 92 188
50 4 115
89 3 158
2 94 194
77 61 185
99 12 202
95 32 174
36 78 116
4 84 166
87 74 199
90 48 173
25 75 104
58 5 159
36 2 87
67 77 243
94 81 255
47 19 159
10 65 103
54 51 120
62 93 196
94 55 174
16 71 131
38 35 158
23 99 218
20 54 100
31 32 130
31 54 106
60 91 191
46 42 102
52 98 191
78 96 234
24 12 132
40 39 101
19 51 122
66 85 188
50 17 164
37 82 132
17 7 79
98 69 267
49 54 125
12 62 86
44 21 84
90 2 147
17 57 153
52 36 159
95 48 198
58 33 94
95 8 156
43 15 133
87 56 239
59 26 177
40 43 116
85 73 255
36 9 116
17 89 174
53 9 92
47 52 113
33 61 163
64 15 111
51 89 235
20 64 134
56 5 133
30 17 90
1 78 91
80 74 225
48 37 131
56 6 74
94 70 234
88 95 278
14 0 31
36 35 130
40 0 92
30 44 82
65 9 117
37 46 107
61 72 140
30 25 141
60 23 151
59 67 172
7 35 100
25 31 110
32 83 185
14 39 125
88 33 185
67 64 176
45 95 153
79 41 150
33 57 104
33 41 95
53 18 167
37 95 226
88 92 263
4 36 84
17 43 102
80 35 192
60 86 162
32 80 200
73 94 241
65 71 235
51 71 212
16 95 204
27 9 38
82 94 231
37 69 186
19 60 124
71 7 92
46 5 107
80 17 188
18 17 39
81 92 207
86 3 94
98 14 120
35 48 167
46 61 186
72 38 203
86 53 188
34 0 46
19 29 121
96 32 154
74 34 207
36 43 83
22 93 197
71 54 142
93 95 281
54 11 81
53 20 110
98 30 200
37 1 111
13 13 76
77 98 240
46 100 185
38 19 62
1 27 105
3 49 75
47 24 149
56 51 150
26 63 147
100 0 123
34 30 103
36 53 125
44 75 196
72 1 95
32 76 124
71 71 148
6 58 111
68 34 201
72 47 191
12 78 189
83 95 266
56 35 157
13 14 57
67 44 154
87 33 162
11 71 96
90 27 172
24 60 92
17 43 77
88 18 121
11 38 147
47 3 78
18 44 128
7 57 66
70 8 89
85 25 175
11 10 91
9 38 146
84 87 252
77 22 153
20 86 162
60 4 136
36 48 139
54 52 201
73 46 207
76 15 159
44 2 75
58 77 155
7 31 98
54 53 182
32 50 171
6 73 169
58 44 182
36 58 150
65 0 99
