150
1.59 1.38 1.51 1.0 1.99
452 392 845
392 402 845
402 845 1248
845 438 1284
438 883 1322
883 641 1525
641 280 922
280 382 663
382 572 955
572 522 1095
522 562 1085
562 71 634
71 618 690
618 254 873
254 184 734
184 734 919
734 512 1247
512 592 1105
592 946 1539
946 258 1205
258 457 954
457 954 1412
954 36 991
36 231 965
231 965 1197
965 106 1072
106 710 817
710 462 1173
462 162 625
162 22 185
22 24 222
24 222 247
222 110 861
110 861 972
861 690 1552
690 352 1043
352 157 510
157 116 670
116 670 997
670 997 1668
997 245 1243
245 448 694
448 147 596
147 369 517
369 234 604
234 507 742
507 45 948
45 948 994
948 631 1580
631 628 1260
628 996 1625
996 419 1416
419 798 1218
798 570 1369
570 988 1559
988 973 1962
973 111 1085
111 803 919
803 919 1723
919 884 1804
884 540 1425
540 830 1371
830 524 1355
524 620 1145
620 645 1266
645 42 698
42 698 741
698 319 1018
319 430 750
430 63 494
63 304 626
304 626 931
626 306 933
306 18 808
18 808 827
808 282 1091
282 217 500
217 497 715
497 636 1134
636 94 731
94 702 797
702 76 779
76 220 297
220 188 769
188 769 958
769 625 1395
625 493 1119
493 405 899
405 160 566
160 333 822
333 822 1156
822 747 1570
747 372 1120
372 407 780
407 778 1186
778 748 1527
748 760 1509
760 82 991
82 991 1074
991 49 1041
49 344 993
344 993 1338
993 412 1406
412 943 1356
943 810 1754
810 894 1705
894 300 1195
300 548 849
548 725 1274
725 992 1718
992 686 1679
686 484 1171
484 767 1252
767 80 848
80 381 462
381 350 732
350 587 938
587 851 1439
851 337 1189
337 680 1018
680 417 1098
417 754 1172
754 915 1670
915 418 1334
418 328 747
328 152 555
152 555 865
555 865 1421
865 410 1276
410 194 640
194 640 835
640 684 1325
684 122 807
122 781 904
781 539 1321
539 108 648
108 518 816
518 816 1335
816 827 1644
827 655 1483
655 270 926
270 307 662
307 662 970
662 292 955
292 924 1217
924 558 1483
558 186 814
186 814 1001
814 371 1186
371 255 815
