100
1.90 1.10 1.40 1.20 1.00
93 145 322
32 48 97
70 3 88
41 27 90
73 57 202
35 4 60
94 33 174
55 4 109
48 13 96
39 33 94
1 2 3
1 1 2
26 39 85
95 75 204
85 85 236
76 129 239
94 122 251
56 92 194
94 135 279
28 51 93
57 79 166
97 173 318
72 36 150
82 65 199
39 25 83
24 29 75
14 12 33
46 41 110
4 8 15
5 5 11
14 9 26
25 33 72
86 158 311
100 182 349
14 19 44
82 13 163
9 0 14
75 142 235
89 38 160
89 27 144
67 45 150
3 0 5
89 100 251
79 49 165
69 50 174
98 71 265
27 2 53
85 155 267
22 35 69
4 0 5
67 15 114
8 14 29
36 47 104
1 2 3
50 61 155
93 40 177
66 86 176
100 57 200
32 40 98
4 0 4
77 85 224
57 21 94
67 82 166
86 163 305
5 7 14
97 116 266
95 124 267
47 18 106
74 72 175
64 4 97
80 93 241
81 87 222
42 83 162
99 38 212
16 24 44
42 0 77
51 21 104
15 10 34
96 41 165
68 88 223
66 40 158
18 15 45
80 21 149
79 42 150
36 44 111
42 13 78
41 26 101
20 25 62
57 6 89
82 135 245
35 4 61
77 90 228
31 19 67
100 13 207
29 37 86
84 47 152
77 41 177
14 7 29
87 148 321
1 0 1
