50
1 1.04 1.9 1.42 1.8900000000000001 
50 11 195439
12 14 149359
35 50 202358
46 37 203810
53 33 483964
98 13 170581
71 41 438833
93 46 222568
6 18 144754
50 17 479583
13 47 498188
82 35 174526
75 8 398277
66 11 350545
11 12 25419
90 2 236684
76 5 480066
70 40 60762
51 49 328581
92 14 154904
15 11 77858
96 39 418256
55 11 21721
92 28 54995
22 28 403913
49 14 181717
19 28 323943
47 23 189568
81 35 400832
15 7 395695
63 10 277478
97 13 430475
57 35 132583
64 39 8503
31 42 174266
77 12 75106
18 26 191962
100 38 69039
93 33 182781
57 27 108126
25 49 327310
99 23 286050
89 26 468623
5 9 164536
46 11 205346
57 47 353543
90 31 166571
79 12 291900
4 24 119961
3 33 414594
