450
1.20 1.80 1.50 1.60 1.00
17 25 58
96 122 296
85 71 219
69 56 151
69 107 191
42 23 90
44 87 165
9 5 20
13 25 47
88 176 332
91 31 154
26 45 76
3 3 7
47 73 146
41 8 69
75 106 233
29 30 84
38 2 68
2 3 7
84 64 190
22 18 51
61 82 173
90 117 250
18 22 56
36 7 54
55 7 121
45 49 137
56 33 134
61 13 131
5 4 14
80 135 287
87 10 181
21 25 66
66 8 111
93 88 235
41 76 154
33 29 90
97 4 147
9 8 23
52 38 106
58 114 226
2 0 3
73 9 114
39 63 123
99 187 356
16 23 54
42 9 93
27 14 59
95 46 193
27 39 85
45 2 68
42 14 76
33 7 73
80 100 227
40 65 130
84 124 267
5 5 11
15 24 44
49 70 170
25 20 60
19 30 56
84 14 126
86 53 180
15 19 46
67 41 137
59 56 158
18 11 43
48 92 177
72 10 147
27 29 67
75 86 206
77 5 133
74 126 222
14 21 44
43 28 87
7 6 18
95 172 319
90 96 273
100 155 331
36 27 78
19 27 64
73 119 266
84 87 213
24 42 79
12 7 26
32 0 46
64 31 145
53 106 203
31 55 113
37 60 120
82 103 232
18 12 35
24 13 61
100 159 343
37 46 113
39 38 87
81 140 285
14 9 38
4 4 11
30 49 91
51 98 185
87 157 267
55 63 145
55 73 152
66 88 182
21 41 75
55 34 107
11 8 31
21 6 35
61 111 200
53 74 147
51 56 157
24 8 56
53 37 114
40 10 84
14 10 31
13 14 37
1 1 2
73 87 206
15 13 33
5 5 13
4 5 11
64 26 125
15 7 33
38 31 84
63 29 130
83 54 202
2 3 7
3 1 6
18 32 61
88 154 322
47 26 94
11 16 30
82 98 258
15 18 43
65 44 141
40 37 116
51 7 94
70 38 140
13 10 28
85 128 257
93 155 285
99 87 267
39 19 73
93 127 269
23 5 49
41 4 57
11 15 35
24 2 49
70 82 211
46 22 85
88 61 212
95 46 183
46 71 152
73 26 157
1 1 2
2 0 4
53 67 159
78 65 207
94 105 266
52 102 184
91 127 268
47 0 64
91 7 122
41 17 96
7 9 21
24 4 40
96 16 184
12 8 28
7 8 16
68 129 232
20 2 28
12 9 32
45 42 124
26 41 75
68 42 136
58 14 98
100 97 269
60 15 96
95 59 203
96 174 358
81 81 235
3 1 6
4 4 12
78 128 279
6 8 19
36 3 52
48 92 155
44 54 111
82 0 157
69 58 159
96 130 325
4 2 8
16 18 44
11 4 18
57 17 124
42 39 101
97 154 320
17 26 53
34 24 82
46 8 92
68 38 131
14 5 24
17 15 35
15 4 23
91 109 233
93 124 300
42 18 98
96 26 168
63 105 203
50 1 80
1 0 2
33 41 92
43 16 88
83 114 282
12 22 43
77 55 189
64 61 144
20 27 52
66 62 170
90 159 289
19 5 34
28 38 76
68 94 195
3 3 8
70 104 233
84 20 179
56 26 103
19 38 69
90 42 188
41 75 136
54 91 179
25 20 57
38 3 61
36 14 64
60 12 90
28 11 63
34 55 117
46 46 136
55 5 98
51 3 96
64 27 141
41 44 122
42 62 127
84 67 200
67 133 241
75 22 126
59 0 85
79 70 211
9 7 20
37 50 113
42 24 78
81 144 305
20 37 78
93 8 142
94 132 262
39 71 151
16 11 33
25 15 64
34 4 49
86 75 191
99 28 169
93 123 293
68 36 127
27 15 57
12 7 26
43 77 163
17 34 60
90 161 317
42 35 95
41 78 146
68 78 169
72 44 147
25 49 84
93 59 232
41 73 151
55 25 132
34 17 68
97 140 264
58 23 111
36 13 85
7 8 20
87 114 232
98 61 256
11 3 22
77 7 160
11 19 37
98 8 195
72 85 182
52 102 176
14 16 41
15 20 43
63 123 216
58 113 193
19 22 47
39 52 118
100 13 173
43 36 119
66 83 205
60 114 198
64 93 202
94 107 274
62 23 144
34 30 83
35 8 70
30 4 43
8 2 16
50 55 135
73 19 131
57 77 190
30 15 75
49 92 157
84 69 223
78 107 243
15 0 27
26 44 86
28 18 54
41 71 154
63 81 195
16 12 33
22 14 53
70 55 173
29 15 60
35 50 111
60 32 135
3 6 9
53 104 204
75 127 228
26 35 82
14 28 55
95 51 239
50 47 132
48 94 169
100 151 338
46 29 104
37 64 140
85 168 303
99 24 159
4 4 12
68 28 135
86 39 203
26 25 76
67 15 132
90 108 274
70 109 221
79 124 222
65 99 190
7 8 20
70 30 124
23 30 62
63 6 98
8 7 22
15 8 37
66 49 169
58 13 128
56 5 118
33 30 81
96 158 297
29 13 65
79 61 175
16 9 32
70 43 177
7 8 22
85 150 258
17 26 59
21 13 54
79 111 266
77 69 206
85 31 183
28 43 97
34 22 91
93 105 262
63 80 167
90 43 227
75 93 242
19 37 75
63 12 108
71 108 212
59 4 92
58 37 134
54 38 131
25 10 41
98 40 203
84 124 256
80 122 223
44 61 130
48 2 67
94 72 263
78 50 176
78 132 244
75 90 228
5 10 17
65 91 205
1 2 4
22 25 60
46 52 146
51 14 107
52 93 164
26 7 43
9 16 29
3 0 3
80 111 263
76 43 185
65 112 210
72 69 191
76 36 140
86 3 162
8 8 18
25 28 62
72 116 257
36 3 53
95 127 311
99 180 332
38 29 94
3 0 6
92 95 250
15 19 43
29 50 105
32 48 114
48 60 137
64 71 181
21 37 78
83 149 256
67 31 121
35 2 53
13 12 37
71 89 197
8 0 15
27 4 55
14 16 40
53 97 165
15 7 38
80 125 243
5 4 12
8 0 11
85 152 264
61 122 207
94 151 282
19 30 56
49 24 84
93 18 169
92 100 243
57 29 124
89 117 279
73 120 211
32 12 75
76 63 195
35 65 135
87 57 194
11 0 19
