250
1.7 1.7 1.4 1.0 1.6 
29 930 967
4 432 444
27 805 842
20 954 980
13 131 149
4 767 780
9 672 684
12 400 421
18 178 201
4 664 669
27 663 690
26 335 367
29 299 335
29 298 335
6 337 349
11 604 620
21 98 126
25 461 495
20 376 405
11 902 918
2 903 914
26 724 752
4 98 108
13 357 380
29 218 254
8 223 234
6 37 53
25 125 160
12 266 284
19 681 700
19 331 359
24 662 688
12 920 933
30 654 694
21 848 871
3 37 48
7 991 1008
3 861 872
17 197 221
21 807 830
21 343 367
8 84 101
2 159 162
16 305 324
28 971 1009
5 596 605
18 256 274
12 26 47
13 839 855
2 326 329
11 166 187
25 702 730
2 536 545
10 860 873
5 578 588
7 566 577
16 631 649
27 678 714
27 312 346
2 247 249
14 517 540
4 933 946
7 333 346
25 788 823
13 585 604
10 418 436
20 135 157
23 208 241
5 363 378
23 574 607
3 730 738
15 252 271
7 7 18
20 133 162
2 229 241
15 596 619
28 537 569
14 717 736
24 860 887
7 965 978
25 563 591
12 66 79
11 183 194
29 960 995
12 201 219
9 460 478
22 98 127
10 922 942
16 331 352
8 436 445
27 623 660
18 283 305
17 380 401
14 518 540
3 428 436
22 565 589
19 696 719
5 781 791
14 53 69
20 122 143
19 125 149
22 21 45
9 896 909
27 101 129
2 488 493
9 97 116
26 200 227
17 214 235
21 718 748
6 864 872
29 550 581
10 506 522
20 302 322
22 892 919
14 850 872
2 852 858
6 172 184
14 705 719
4 77 90
14 387 403
2 325 337
28 987 1015
3 748 761
5 547 562
6 628 640
19 217 241
25 313 339
7 254 263
16 777 799
29 569 605
23 403 430
11 38 54
4 17 24
15 65 87
28 103 131
4 336 342
12 156 168
6 333 349
7 194 211
11 649 663
8 88 103
13 633 650
28 970 1006
15 874 891
11 426 437
12 780 799
7 584 600
30 682 722
11 449 470
20 815 841
8 799 816
18 813 835
7 119 128
26 553 585
9 971 981
28 404 440
26 301 327
19 434 455
8 953 962
25 315 343
29 748 785
24 946 979
23 678 704
6 857 873
28 73 109
30 51 89
12 410 424
22 491 517
2 7 15
7 136 144
6 172 183
23 548 572
28 912 948
19 806 830
24 502 529
14 625 639
28 681 715
14 441 463
4 531 535
10 406 420
14 940 961
11 905 924
16 125 146
15 638 656
30 624 663
28 583 614
25 13 39
9 462 478
2 131 135
27 896 926
19 389 410
19 762 791
16 914 938
22 570 592
30 448 478
25 436 471
23 174 205
27 749 785
17 607 625
15 385 403
25 646 673
17 878 895
16 302 320
5 288 301
19 338 359
11 236 256
6 847 859
12 804 816
5 454 460
27 813 847
16 289 312
18 557 580
19 783 805
8 308 322
9 208 225
11 816 832
4 68 82
3 306 319
24 336 361
29 75 105
20 335 356
12 488 500
16 251 269
20 508 536
10 241 259
18 728 754
12 336 356
8 631 647
17 135 161
9 395 413
23 128 160
2 398 409
21 778 809
20 266 294
8 402 419
7 512 529
19 282 308
29 344 378
12 316 328
4 982 995
8 158 167
3 430 439
20 1000 1023
5 85 92
30 987 1025
27 825 859
15 642 666
2 85 97
2 243 246
29 258 294
