450
1.50 1.30 2.00 1.80 1.00
52 74 151
34 12 59
86 163 269
65 80 195
85 5 152
68 136 241
79 108 216
2 3 6
82 89 195
27 2 54
5 1 10
12 14 36
36 56 100
6 7 16
90 126 294
16 11 42
69 34 121
56 2 112
57 114 216
49 24 95
48 2 78
62 66 153
43 27 90
34 11 70
20 38 68
40 40 108
74 75 168
79 21 160
29 54 99
95 98 266
39 38 113
6 3 10
58 19 95
81 31 177
72 129 239
15 30 50
99 136 322
15 6 28
15 11 36
63 119 227
61 105 204
7 4 14
1 0 1
17 13 36
90 10 132
50 23 119
19 25 62
99 4 161
55 87 192
73 45 186
91 42 192
43 6 58
37 34 98
16 23 52
48 27 116
48 53 128
65 59 173
45 20 80
84 49 150
5 10 16
37 10 68
1 1 2
54 74 146
83 113 213
2 1 4
86 81 228
57 106 189
7 7 18
7 1 12
81 66 198
41 69 150
57 25 132
99 190 341
22 43 74
61 21 128
40 35 111
45 23 102
15 24 42
96 169 296
34 12 74
62 48 122
95 32 203
99 82 201
92 93 259
61 108 224
74 30 129
86 105 217
1 1 2
38 20 75
35 58 106
77 36 148
3 4 9
5 9 17
30 7 45
65 59 141
62 4 82
17 21 46
99 92 257
92 64 194
34 53 117
75 7 99
43 61 123
79 126 230
37 13 62
40 24 88
91 112 269
46 9 84
60 101 211
80 122 241
55 68 154
74 112 245
37 18 70
26 25 66
61 121 197
19 30 66
8 6 19
9 16 28
63 44 119
2 1 3
30 2 58
96 47 216
89 24 144
60 4 119
23 39 83
30 58 95
18 35 63
81 65 205
42 21 81
28 42 94
31 21 75
82 143 297
27 31 63
43 30 100
84 139 294
51 102 195
54 10 91
98 93 271
49 9 97
2 0 2
32 32 83
72 28 127
28 53 88
61 94 181
18 35 65
44 71 138
85 149 262
22 13 41
58 0 92
1 2 3
56 16 84
71 90 218
62 2 83
17 34 61
42 59 123
97 163 310
61 71 150
9 17 30
97 183 299
64 47 174
59 118 231
90 64 185
13 12 33
49 73 145
32 24 79
91 144 297
41 67 118
72 138 264
69 0 105
84 101 259
1 1 2
18 31 55
38 3 70
20 1 29
88 131 248
83 25 167
11 10 27
97 4 131
33 29 83
83 68 231
76 95 242
75 109 205
67 43 170
26 22 60
84 48 173
37 27 88
71 35 128
75 55 150
88 153 279
37 24 76
76 71 192
28 37 85
16 12 40
26 44 78
39 1 62
8 12 23
71 29 147
30 40 92
45 49 132
64 32 125
19 29 61
100 40 162
75 140 286
74 118 206
69 129 254
71 69 204
83 147 267
62 92 168
80 13 169
14 2 26
68 30 137
65 123 249
6 7 14
8 2 15
78 37 152
85 146 302
34 66 121
58 78 154
23 18 55
87 23 177
57 66 151
53 17 91
57 27 105
48 20 89
7 4 17
72 2 92
83 23 159
84 161 301
35 31 99
33 37 80
62 25 101
57 47 122
20 23 60
74 59 157
39 73 146
21 26 60
95 151 292
67 121 225
80 4 146
61 31 106
42 6 70
98 5 198
74 139 266
46 24 105
51 96 166
16 12 43
21 33 69
75 73 185
79 58 182
31 28 68
5 4 11
63 32 146
61 85 167
77 132 235
26 8 42
22 27 64
5 1 10
64 26 130
23 42 84
99 31 188
19 35 60
7 2 10
28 55 107
12 1 17
60 41 138
33 30 72
43 56 128
92 141 315
54 61 141
73 107 202
87 140 299
75 141 240
83 14 164
83 25 149
18 1 35
85 116 268
43 3 72
27 48 101
34 2 60
60 30 124
76 106 237
52 6 92
93 183 336
28 22 61
98 89 237
26 15 50
53 23 109
9 17 34
33 51 106
15 1 22
73 31 154
86 146 317
21 36 72
9 18 35
66 73 155
46 90 160
84 64 173
40 47 122
56 16 125
5 8 14
13 16 41
93 158 302
11 21 42
69 52 187
22 9 35
92 10 185
15 4 33
41 19 70
7 6 17
55 74 176
36 65 132
66 117 245
28 0 44
96 137 298
84 37 155
39 61 129
16 3 33
72 51 157
36 54 119
86 0 131
5 8 14
77 67 184
55 27 135
18 33 62
28 21 69
84 63 222
75 72 169
42 43 125
8 7 22
9 6 18
75 142 273
40 75 150
28 50 90
80 64 179
23 43 85
80 79 204
52 58 157
100 134 291
30 30 69
34 55 101
90 171 335
66 94 183
49 59 130
50 89 183
41 58 118
8 9 21
22 15 53
11 22 41
78 145 238
94 102 258
92 27 185
14 12 32
73 140 249
47 80 167
19 34 57
52 54 131
35 19 77
75 142 285
45 49 123
68 22 133
27 5 45
13 0 19
77 88 222
21 10 40
97 42 202
84 101 245
60 34 152
36 3 49
91 61 227
79 55 200
98 65 260
58 5 82
5 2 10
82 38 184
5 10 19
53 77 152
83 47 169
12 13 29
57 16 116
32 10 55
62 123 204
17 22 49
51 16 97
100 30 227
60 49 130
20 25 58
90 84 233
7 10 18
38 72 121
11 19 36
9 18 29
56 105 201
35 65 133
99 85 223
14 17 38
51 56 137
96 70 203
23 29 65
26 25 62
73 38 156
83 36 142
37 60 127
32 13 62
38 48 120
25 16 59
49 59 135
55 68 173
1 1 2
97 60 221
67 125 237
36 43 87
31 38 85
2 3 5
36 42 85
87 8 164
27 32 68
14 12 38
43 66 149
96 56 204
79 44 200
45 18 85
43 62 116
78 146 296
16 7 36
96 96 283
40 59 122
40 24 96
68 68 182
98 53 178
27 23 71
99 3 134
48 75 154
62 21 123
7 5 15
16 14 33
31 1 47
51 52 153
25 31 70
99 86 252
1 2 3
26 4 43
79 122 251
74 97 226
61 95 185
4 5 9
95 187 316
75 51 171
73 50 193
17 28 54
79 100 208
36 36 93
