100
1.0 1.5 1.6 1.5 1.6 
32 26 58
17 1 66
45 77 133
22 27 60
6 17 37
36 29 75
25 41 109
44 15 125
43 62 156
14 3 67
36 19 64
23 39 62
25 37 120
19 5 55
21 30 84
34 10 51
45 5 91
35 28 66
10 16 39
27 37 78
9 17 47
4 16 49
32 21 53
8 14 43
13 3 65
9 11 44
33 18 61
43 65 185
43 26 105
22 20 54
39 22 61
29 23 98
14 8 28
49 50 171
16 3 32
3 11 40
20 4 65
39 10 49
21 43 127
10 12 51
27 37 117
39 13 59
13 3 53
12 7 32
48 41 141
16 3 51
40 17 63
39 20 63
49 17 153
28 48 122
14 1 47
7 19 29
28 20 62
22 28 50
7 19 53
3 15 45
39 29 74
4 13 38
39 23 67
15 9 40
20 0 54
28 47 124
10 14 32
28 40 110
8 11 28
31 20 52
43 70 210
33 12 46
24 40 116
2 17 26
20 1 23
33 14 51
6 12 19
31 26 63
39 11 52
25 49 75
42 43 88
18 4 32
33 23 64
34 13 48
16 5 39
38 16 63
7 14 29
29 32 129
10 11 24
24 50 135
31 29 70
9 15 26
27 24 52
34 22 57
39 25 71
15 0 60
2 16 40
24 36 90
44 24 162
23 35 121
45 30 137
39 29 77
30 37 81
50 78 128
